1.05244031897248
0.963743600627491
0.931961289329561
0.93224761522285
0.947264875711808
0.92659561189943
0.905305035837386
0.832628223275681
0.931291017179891
0.966273780642196
0.941829026168194
0.949171318407216
0.943439977382738
0.939046643520132
0.957722140802244
0.910213927269674
0.961214877079652
0.794660853011878
0.91178028664853
0.917529420573993
0.907826790709158
0.805425686549305
0.879643660174976
0.808154410409529
0.837417772549392
0.917193589095891
0.894234582213008
0.915699534338577
0.925122460937026
0.894165913267138
0.966699306477892
0.882482223274525
0.863396461163997
0.878633966171333
0.875016526246948
0.868996020453305
0.896077537830065
0.850559977266995
0.917159201968766
0.798471429555276
0.8642120477022
0.903383755713734
0.824929342623959
0.88166259458636
0.874061652819158
0.869580185925691
0.88033071238122
0.881363755086047
0.858904938760706
0.961780232383833
0.796716677453264
0.801399969629395
0.842295830090548
0.845207611225441
0.796121521097552
0.884545221979207
0.759061339789604
0.862293208020415
0.876787269264349
0.869019209466159
0.874736960675178
0.919948484549157
0.836209061104246
0.832373551170287
0.872778040404262
0.856118627797577
0.873545145413546
0.804945776945542
0.956137688191692
0.864968251968581
0.847350756321035
0.839097346907303
0.814477880665038
0.889508403927967
0.8533038656117
0.761256154350629
0.827837758066341
0.865805922351558
0.847253427904907
0.785238644139046
0.889951977047002
0.893655398151388
0.815182731036954
0.851518291541223
0.89340845142892
0.78889310762893
0.797965526058581
1.03433137290734
0.762533521682859
0.823494334138154
0.814853278931339
0.820483843570467
0.787556422108773
0.801960947956207
0.794969837022505
0.736312272589061
0.86914295108155
0.809075133995224
0.819077786397516
0.749791830259736
0.868602672308836
0.86799272241481
0.83304735423269
0.866306141789508
0.737478356009534
0.791472386392478
0.90018976597745
0.883539696303863
0.777636375370075
0.856772677244313
0.789787749362994
0.852318750514246
0.812594443747026
0.854616965486094
0.837930550872471
0.851658223906933
0.776852638731867
0.794124212339041
0.843885658646829
0.825398708442419
0.802644675381312
0.850580529707276
0.863106209956301
0.84802355213607
0.864662466550007
0.878789982797906
0.853172782413889
0.843358721047291
0.879084741310126
0.852486974180997
0.880958515923011
0.730822547118574
0.805171130796048
0.790104816748994
0.828062671505572
0.835720819958955
0.85461177751645
0.772299915572331
0.858302316652476
0.888380595395674
0.854613866537792
0.705100952531419
0.793761336476277
0.812963776463257
0.857410122218767
0.859766830098765
0.843552256503313
0.771087542417166
0.869107526173836
0.84997729069053
0.810415980323161
0.847646965394981
0.803927721713599
0.879999605290764
0.887893352876251
0.867005436644342
0.840167424023941
0.845900120730139
0.766103738847846
0.730587576144722
0.83371695343999
0.829332667185718
0.881652549034348
0.858449010712449
0.855927767252239
0.722934432840815
0.778104796941868
0.779477456876357
0.881394993025833
0.815889398026689
0.884882109619103
0.727119906362312
0.809386580817056
0.842465248430373
0.827554251442433
0.82063433166099
0.857629155106988
0.861844577330117
0.781490333437551
0.818956338831358
0.797662018024215
0.871736737491071
0.840497284607876
0.751989386724812
0.771928867590687
0.797887957990168
0.819734704530058
0.860378853964783
0.843531461571738
0.838923730779773
0.867787310610545
0.86913650478728
0.814698353224251
0.857136391805232
0.806535738523959
0.775016163471249
0.849573965173498
0.846105040326569
0.766316784994453
0.860881815847723
0.854098378978241
0.845128306877828
0.840343035171069
0.820756582673544
0.845577169294666
0.822683474823585
0.767096198821415
0.842220821831635
0.880926558307682
0.760647022149937
0.87129797458002
0.837254793092686
0.780614984143943
0.830474012648503
0.874605421112823
0.741667463900475
0.7811273647031
0.813896929959134
0.812058481369659
0.746599923388857
0.848552414229375
0.741632494330616
0.852249456078546
0.873252081595062
0.77648596831951
0.741264859630924
0.864581334521661
0.788504789513442
0.796464094489702
0.820992263576079
0.783357613270366
0.743009774815679
0.829334942021056
0.828078224443311
0.875108932519018
0.886795311659002
0.826349753393723
0.860871334780163
0.851774235500315
0.827543007592983
0.773105055805101
0.763861996918486
0.803151871384671
0.810774360966234
0.85081852087029
0.851278306008834
0.843713125794054
0.780982882360374
0.779153526081754
0.787991265208364
0.851292462910008
0.855099649910118
0.857694983224144
0.755750050813069
0.854390979866743
0.855415882304001
0.876589100468537
0.827777073018583
0.786162298544507
0.879478237188692
0.833991257149631
0.825186163028938
0.840539404534123
0.806833139687941
0.780439848344537
0.848998033587016
0.858335472467709
0.711961477800522
0.846779158292132
0.85169365736207
0.749433840057294
0.763855149814444
0.818817366042914
0.786091640325543
0.782015302793959
0.68481251396519
0.814331647627071
0.788863102007391
0.854499286143074
0.838190081359508
0.829355494933916
0.819257250597647
0.773641750092803
0.801615945686548
0.837828011662174
0.830110282104668
0.845760976642923
0.797162224384594
0.871928213972045
0.871645585007309
0.750451502599893
0.826357525472589
0.807419741623003
0.843573711173788
0.800900608516007
0.804330400353783
0.7793064768227
0.820760676327265
0.869167097967885
0.881199914306575
0.857842177219516
0.768340560615675
0.752153377028867
0.70358766104788
0.82137700779644
0.840599683769358
0.848518525544256
0.826254619201571
0.798593534459328
0.716160455939141
0.84277212825862
0.812908422250371
0.767457200376808
0.769485014193441
0.752751356686632
0.805152876715233
0.864722414200345
0.76737056016324
0.867564927069997
0.862116884836568
0.840021763312132
0.796314521065349
0.872515743279342
0.864639726895049
0.758126455503294
0.864164095909887
0.739454489269252
0.848926156077698
0.831464629916491
0.838722496793492
0.841100838150485
0.806327301857313
0.776357636843031
0.73987578975606
0.812915221572417
0.887496659498511
0.829722530839381
0.766434637671443
0.749579624140402
0.711932603645938
0.786519353087248
0.711442342349084
0.783399732818392
0.867063851355597
0.772343698561593
0.791997568340553
0.805178176210819
0.815697361244756
0.87032785144098
0.857020979085122
0.737022707348134
0.702220933274163
0.84478786432239
0.924137330848254
0.832812352990996
0.817903348054378
0.842474672831475
0.83314871116218
0.8280062144719
0.784495477159197
0.747415822647535
0.809909852561337
0.849590556901887
0.820270804901155
0.751325096867819
0.717613832237912
0.790390689801502
0.783969586259727
0.797871502515798
0.832044581897426
0.855761364043146
0.84603130991059
0.768964869736751
0.841039968003341
0.747726820463687
0.72748229020587
0.774056580708402
0.858298385467909
0.806944602975838
0.849171083899882
0.815488332596752
0.834716529060949
0.852474080431683
0.821182049163898
0.824136522144883
0.837428462115658
0.822009296717942
0.80708809190219
0.857242350668384
0.831091560808217
0.864069990880686
0.824918601501028
0.803268058048539
0.811999274432107
0.849216035689032
0.842618326070755
0.797322461763732
0.835470342767359
0.772992445847372
0.855181577514516
0.823190108116154
0.824691741071972
0.838725277252122
0.873633845459171
0.810432695621463
0.791192844301742
0.818623668674434
0.770734539965661
0.770556856810762
0.738303592212578
0.801466092394887
0.721050500914703
0.820501254690437
0.820334666102133
0.836168009066191
0.790946395055056
0.838583391461645
0.749857494364995
0.821004892145144
0.820301196029515
0.759355705985485
0.803974101355254
0.835789551866731
0.719924865658823
0.83812433095292
0.840967172474133
0.760140792983527
0.770102967960922
0.862941716097654
0.852926035662134
0.851062522417908
0.728492330186638
0.804579532076071
0.870866579891682
0.7976471291098
0.786326388071553
0.854741751526465
0.863584402533512
0.747701276206668
0.742850869486622
0.739740922100927
0.75856101532849
0.816562283594862
0.822517345011873
0.813268124670259
0.811025958094364
0.760480609008414
0.832063181610761
0.802885495236863
0.724519976024516
0.753693292773487
0.851582210217457
0.762152726690172
0.731314957509002
0.831842227072932
0.82735768806154
0.705386755674072
0.757585140074305
0.715473381703412
0.711028473801613
0.837542802031279
0.838248046253848
0.791362694769826
0.838367516356212
0.773336577529352
0.843256274135755
0.826639907594953
0.762013587839558
0.800960012689983
0.877026653099864
0.749706983849598
0.738036772654572
0.842648289930936
0.857311241016674
0.849595713024602
0.854787130679551
0.875388778779291
0.809028280092945
0.886546683195939
0.890323587952932
0.86654114750938
0.87982668989675
0.790472178717122
0.828232000993893
0.869504408771582
0.859340580383746
0.815684051665177
0.894027526932688
0.771600756111267
0.797983756535787
0.808814837713056
0.776630662564512
0.884745715228819
0.79333617880333
0.848707981561639
0.756688287600476
0.869410379392937
0.804754489210018
0.844082429370352
0.889287313721126
0.876005427599644
0.800494468776284
0.77142712114411
0.866315844294301
0.788936393747412
0.800702620252742
0.771904703588709
0.784569096519979
0.82027707437477
0.845067092912841
0.857300645809096
0.723517000628143
0.845091625769789
0.855518663426561
0.777414538016003
0.773120641298394
0.830921461869603
0.793165669934941
0.852792139918794
0.761152507030018
0.826560567061301
0.85190522535097
0.841820832650923
0.793117671916772
0.780036934635186
0.828048608759255
0.87055232160353
0.776513463099501
0.916267726778191
0.770102207202173
0.884911307626108
0.923764223550285
0.883881052137324
0.899656778760871
0.864246745463143
0.860308557466085
0.786006236697224
0.901162608501265
0.93904586398009
0.903648082267975
0.933444947015812
0.913655000925839
0.842631373041246
0.845333333348913
0.828216960909357
0.87455680872839
0.900938265839488
0.915325984267702
0.781296839597627
0.767075113853872
0.827848457519628
0.882816910757244
0.883243049584682
0.872363947095607
0.850376990344293
0.87913052271662
0.889662947895348
0.857824895035262
0.771946760325433
0.897450684929767
0.921508796621271
0.965175854787775
0.781668509096511
0.820391941660037
0.84110748261077
0.79207767242239
0.854724848359955
0.788711967835297
0.778502373200251
0.793399255825629
0.90277635999521
0.826669119391874
0.790443994198453
0.801478139556927
0.847329307150599
0.864203921315108
0.86401529557919
0.869037042019913
0.874815344270521
0.758109665431334
0.87929034717991
0.803515992231748
0.852150512549607
0.838743605429762
0.911971659307853
0.888326478708239
0.918995340376392
0.891104473511629
0.785886028522187
0.916457418595438
0.834081113616276
0.806776302825434
0.83660615314949
0.863150135264816
0.869232470109966
0.874522555300379
0.820899172747772
0.874746527693308
0.83525178064699
0.850101653874434
0.765948731213874
0.808608493531803
0.835176402321796
0.88439898262533
0.827181139359263
0.856802275023476
0.914174907276343
0.859410441735268
0.807841320539497
0.804949703019537
0.79968670098377
0.741952346736583
0.797433607879379
0.832724624728327
0.721871776615257
0.916335870016036
0.857107108708873
0.821986286919309
0.874667386044399
0.778368322602107
0.892027213457752
0.889654520729182
0.845051781961317
0.837153566258392
0.814119057467093
0.830849492386315
0.732552829084376
0.838682337626625
0.879360477890897
0.842014081896415
0.829341637846134
0.827774240677431
0.799498997533064
0.811829476690923
0.811090639589983
0.714270664575615
0.772798317976526
0.860771145355928
0.873967583824117
0.688217407182588
0.899924146476079
0.836284705967669
0.865717671639708
0.806400697393636
0.918125247470427
0.745504432819657
0.888118515029017
0.894508891378426
0.863903606945564
0.866374241194829
0.80654485233653
0.762816267176269
0.823440894395537
0.836110467433496
0.898986247602091
0.823512657150508
0.773506958822561
0.865736501092419
0.85862001981996
0.751508500177247
0.746100036795737
0.746543235503184
0.845820623610577
0.818982931753248
0.800208087506291
0.819322867008355
0.845564816218009
0.805182474363679
0.807240728825476
0.820030577847678
0.808097007701015
0.817107957041464
0.816200184141528
0.758628432611322
0.793512243703041
0.723279103519209
0.821908461558485
0.8847215803231
0.809537179390113
0.741545697305162
0.812856923691803
0.791119542073137
0.787216219534629
0.731173236613738
0.742913542926291
0.831926540941896
0.70973881690631
0.751750893930522
0.786964899947718
0.800804440887047
0.712076191026775
0.735027323696645
0.791248938450461
0.775291981844543
0.882415526083172
0.889395168491388
0.758562942781436
0.808332218519816
0.8256134857236
0.819823385856714
0.838240256495804
0.739002317872295
0.827537098148779
0.837760630474419
0.906580030278852
0.773827872582427
0.860102927899598
0.869884266813434
0.77227893730102
0.770341622401125
0.743057366057318
0.753036941229513
0.846859390531386
0.79301363816758
0.899832137735555
0.848743388452746
0.826028754193106
0.787835522414094
0.865908107331836
0.862182722042402
0.89626055663776
0.90034255972639
0.844494232673807
0.858763178358024
0.827212782983216
0.831577717112743
0.800955400363091
0.842234433035433
0.769332474599608
0.872727112486682
0.837726039387983
0.784294900679117
0.925914344908217
0.835379499818658
0.86644518561184
0.727322210202352
0.782794620082892
0.742811945418305
0.682595851938926
0.713283629411802
0.83372150361507
0.786708077685485
0.823988837999932
0.866385629711783
0.788230077971434
0.846998254400185
0.813819667358532
0.845634351128485
0.910577387017404
0.879919244584013
0.889972731067391
0.834619189140998
0.888204075575039
0.853368357341649
0.860792066891498
0.901021715682968
0.778648619468803
0.827368016861152
0.7423698310687
0.797696312669282
0.780147188961232
0.779084712711395
0.847225652756616
0.82880697395792
0.795855029402935
0.754390848750533
0.879259747592127
0.771742877409265
0.845345379108353
0.902036326293642
0.836490744630964
0.848049941422824
0.873270757117502
0.865244986024917
0.878135585987939
0.827282430445656
0.865661444432269
0.892612941200488
0.899105928354752
0.74850366231174
0.866798373540923
0.899985912556306
0.873177109485688
0.857505911203368
0.886753359118435
0.841611539304978
0.907775091810807
0.885084672984438
0.88232228909841
0.785295642282507
0.822986899364814
0.823245231133693
0.828898839943932
0.954016014290808
0.840568173934346
0.872754930329494
0.884291044171533
0.868599277408849
0.815389265008108
0.829104580184869
0.84640359633147
0.833809719689428
0.857985904800948
0.896163705674645
0.819477998654736
0.872669823321358
0.91209928589645
0.907774520156003
0.830155860234269
0.839660749796558
0.851378708692762
0.846174410056969
0.876365650263634
0.742867758817161
0.954232098428304
0.755834268862333
0.804964840519329
0.842306903627508
0.827047282945842
0.784102526458204
0.857844440094726
0.821277470899465
0.779503730381804
0.87419177443334
0.732558846903309
0.902941142122641
0.782501106534749
0.776007437573304
0.875289884365872
0.89936166150934
0.741897717063947
0.769174904017063
0.857721650192313
0.771076087417529
0.86867800029826
0.85154529897666
0.856468492190296
0.837423450668859
0.826860856825276
0.916764391282027
0.848183724755608
0.715877402896954
0.851577057588681
0.868301464066147
0.909327894875292
0.750008506376467
0.862684708136944
0.82248773261676
0.779616345792386
0.747243032243018
0.922731823185466
0.875699970227932
0.897343407988988
0.886923912932727
0.723498486778963
0.754079485535401
0.831246857036462
0.759900519324741
0.875029807330289
0.864244259224625
0.807855340127217
0.833934503733648
0.803660255123202
0.872007276386758
0.969113680013422
0.857113097296137
0.847809114538051
0.788098647065277
0.906209939176726
0.782167448118713
0.734553456153857
0.838481630955225
0.82570135813595
0.806478295204552
0.811278037658163
0.761410382473865
0.810607740932749
0.775917001071465
0.771006405639151
0.729120407458795
0.77961160610813
0.85472281307863
0.860045398316728
0.876782765907744
0.757112904080706
0.785999720468068
0.77018729104408
0.745710390109575
0.799798990566601
0.80308975917059
0.738215311463622
0.74717956339214
0.809019866193458
0.810062702442329
0.849052638153784
0.853025974729656
0.8319870015621
0.841611850761867
0.847740026774991
0.71337717598631
0.748430991532157
0.913238217174339
0.839389677144017
0.828129658733459
0.826646896726394
0.809467851540674
0.716659591985141
0.866649930686233
0.754966193765379
0.880912697418699
0.880879239587827
0.795736693501123
0.82620892812894
0.90394941900709
0.751160052903302
0.832889942540265
0.901586303712888
0.757839633806517
0.860833299786589
0.795023330515327
0.76749524076925
0.804515423693265
0.801777734603445
0.880116650372584
0.767854952270867
0.707201835180963
0.755198704637607
0.851260196402785
0.908760699545556
0.86713543174194
0.916050898230416
0.871718780840166
0.861182398281583
0.78238418065833
0.920398228946103
0.863678087302624
0.83417608166993
0.904182109741157
0.848861850091504
0.772583850492239
0.970246725128332
0.872622004345513
0.857387451650762
0.741541709208255
0.944420907369366
0.920642966927199
0.838506203772232
0.792012040306128
0.806824763480195
0.863317653805443
0.751057060323939
0.907111190481545
0.79489859376045
0.799322743799463
0.789952251181145
0.798746816514525
0.859225794450341
0.848025013197521
0.807059559806975
0.792498633437368
0.903314078607686
0.92678041359083
0.867946514803042
0.750787595877541
0.928373551491665
0.764346311920935
0.904951075817293
0.879971774659337
0.873878361898319
0.758990542297091
0.886460810309059
0.852161383154553
0.839808396449532
0.87369898294028
0.844879855164588
0.724696677758059
0.812073868246767
0.86318661119882
0.898967765177799
0.762248003467174
0.839070509151166
0.862512038569583
0.915328012575352
0.905841926604032
0.787570014868761
0.881163827006747
0.826030174164938
0.850229668109661
0.753384609875482
0.731240988815286
0.717573371638048
0.856845387440207
0.797337340824378
0.838602189759803
0.694801673673559
0.78592572017134
0.814978271863107
0.828942411914391
0.721505259488582
0.820594420258562
0.828398199045805
0.804888897827744
0.817546764854064
0.776985043358247
0.811783978355165
0.729620011215467
0.824397959350228
0.824499113505605
0.809812051516555
0.816583828390477
0.715627313972642
0.725860821618945
0.79270024779958
0.778951913025012
0.810269481018692
0.798798081539445
0.746174575327272
