size,rel2,rel4,speedup
8,31.0035623439637,1.63676343916201,18.9419934500962
9,23.0236843367442,1.55019707211861,14.8521015494361
10,20.8464275202564,1.52725723153741,13.6495850795686
11,280.324183098903,1.56435086736902,179.195210579811
12,31.3217344925748,1.54102540511759,20.3252551116668
13,238.564872414651,1.5142891238375,157.542485552615
14,220.196265658982,1.40227308701968,157.028090817157
15,24.4004823296537,1.51632067661145,16.091901077404
16,41.613223688593,1.41958755282134,29.3136014090073
17,75.6522121597436,4.38124782902846,17.2672752402868
18,31.659967533097,5.19758925027499,6.09127924670499
19,428.745816685474,11.0372843127242,38.8452271897355
20,31.1467155085507,1.50172187974857,20.740668381129
21,243.187456369924,5.79700866099656,41.9505076827189
22,297.173923636788,4.89193999730343,60.7476632584616
23,338.913321074374,8.88142754852406,38.1597799703602
24,39.9146205525711,4.80993853354735,8.29836395500337
25,30.844757712075,1.45579836111016,21.1875205633241
26,254.636204069331,4.61884540213681,55.1298391480107
27,35.8707950145261,5.025285774866,7.13806072361777
28,256.327406474509,4.29205300130751,59.721398220484
29,136.255087213481,3.60365033698868,37.8102963583696
30,34.4694643926202,4.22661227826201,8.15534099730437
31,140.631775111143,3.70681317795991,37.9387275159471
32,55.796267061807,1.53996138286642,36.2322508100497
33,365.283997243452,4.70208669204362,77.6855088319718
34,99.4332853296993,6.87360486240698,14.4659588847649
35,296.647448889548,6.19788716426123,47.8626733639329
36,22.1364583157872,2.20197339103689,10.0530089990612
37,312.918980821529,4.27237236251994,73.242441030342
38,531.142250661184,13.1362383584803,40.4333597005946
39,357.94137972657,4.47059144754442,80.0657774092012
40,20.4687655988403,1.88201220199891,10.876000472845
41,279.270424648104,3.54659664218119,78.7432157710355
42,318.924524672781,4.14994140804612,76.8503680689162
43,281.747643338043,4.06448791039616,69.3193458928462
44,424.1869719843,4.88827996227309,86.7763252633039
45,40.0534922145836,4.13065578851163,9.69664243774129
46,427.682735934799,10.7107268012327,39.9303188169804
47,256.424329809441,6.64590987404611,38.5837808019095
48,30.1298650675711,2.21984675642496,13.5729482138194
49,371.29467467343,6.79095103147479,54.6749156270673
50,45.9285788055788,3.76573523012641,12.1964439873902
51,108.93295754923,6.5767137346704,16.5634330372279
52,418.450271063551,4.6358703902462,90.2635828525239
53,233.262880194168,4.26660400045692,54.6717905315767
54,30.8789814952158,3.32955411810945,9.274209218365
55,519.369414156701,4.90764204091986,105.82870751905
56,338.902214071608,4.36027235295829,77.7250104208914
57,481.308370331345,13.1161994235707,36.6957191476062
58,228.591352563704,5.72930040117016,39.8986501941871
59,211.712173908992,5.49540482226518,38.5253099191562
60,26.415368131313,2.14231319678089,12.3303017369288
61,217.957897546566,3.64562736745699,59.7861151395193
62,217.582717709118,5.42006629572176,40.1439218337353
63,399.561169721661,5.95303222745183,67.1189327481083
64,77.1386234280048,2.19715772781031,35.1083686217107
65,481.857605313242,4.69757132547056,102.575899742187
66,524.756015432184,5.18566481752392,101.193585373832
67,493.973069731807,4.36885772689544,113.066870246386
68,129.768483217381,6.72846159270372,19.2865012944564
69,451.222572680023,10.7982225457984,41.7867450653344
70,412.985101384841,4.4137334021936,93.5682026421418
71,446.168666714429,3.52618788072942,126.530032376532
72,43.3313245255458,3.42810248293288,12.6400318372262
73,422.209119515195,3.77233597095442,111.922459390163
74,438.762564712467,5.66676561614072,77.4273358797008
75,56.3774648955331,3.59735767593472,15.6719097666273
76,546.277651021967,13.5352193701864,40.359719047128
77,555.351526550351,5.33531469468432,104.089741342466
78,483.562604732599,4.90865287355765,98.5122837545706
79,421.277925273441,4.05189514945009,103.970589004658
80,32.5702339374315,2.29366377665251,14.2000908193119
81,60.8374213913291,6.02230511579752,10.1020157932122
82,391.400568530886,4.74294180424299,82.5227432014331
83,376.43862980617,6.43201931606345,58.5257306155852
84,258.660069203734,2.95991650669191,87.3876234748325
85,147.352980120585,6.68779503122347,22.033118454234
86,371.070479141964,5.09480975517009,72.8330393034619
87,242.132373957657,6.12549523669456,39.5286200709408
88,551.401191875935,5.69908677196007,96.7525524596098
89,502.646686053713,6.0849103185434,82.6054386573171
90,35.490493816823,2.886158536488,12.296792905912
91,478.318094027619,5.05503643457953,94.6220863524606
92,460.329737004008,10.8497727426219,42.427592533405
93,231.280967852096,5.72917887747017,40.3689556214769
94,349.468105493579,8.4761250732814,41.2297013637964
95,602.254428424729,13.1754544213742,45.7103344722372
96,48.3820658264393,2.21747325535186,21.8185566430934
97,361.023447620726,2.82363817519637,127.857545910824
98,448.542659597839,4.81597455498339,93.136426382009
99,516.505095013952,5.40387864511537,95.5804393351481
100,39.1023293337295,2.40981148522821,16.2263021706972
101,307.671136213038,2.7574790075825,111.576964091841
102,149.505035197283,6.89374551808903,21.6870545634423
103,406.730452669845,7.08064824241602,57.4425446293689
104,500.501671424073,5.31987717037946,94.0814337238492
105,425.162572970627,4.74143707007673,89.6695593945206
106,305.97788291228,5.20765860122859,58.7553651923523
107,383.150072000661,6.70958502449636,57.1048836257084
108,49.2275128714945,3.53973794321518,13.9071065884557
109,326.228891955307,4.42092542277739,73.7919916663869
110,565.622120091478,5.73825576447872,98.5703919983533
111,639.112844687001,6.10011551312085,104.770613492863
112,273.996433022369,3.16891395029057,86.4638287187461
113,409.337945427271,4.93010978201938,83.0281603302565
114,613.23874996535,10.395843600868,58.9888395314211
115,500.922741873498,10.6860811063151,46.8761875274812
116,296.500529084055,6.67424636799331,44.4245706160831
117,451.719074313888,4.95426533168229,91.1778122631355
118,259.845133913181,6.28971626447753,41.312695674479
119,154.671595437838,6.90173763511877,22.410529581827
120,46.499174900736,2.89426726052016,16.0659575344052
121,610.328310244978,6.26484536902882,97.4211292208783
122,259.930403508287,4.0919402715776,63.5225311849612
123,573.313354046854,5.10297348419401,112.348879691936
124,289.453788865766,6.31544279159588,45.8326990549181
125,71.0629719495507,3.50390856959131,20.2810577211606
126,297.680059140862,3.45310154210278,86.2065755991608
127,307.710885330496,4.40920991472868,69.7882140522746
128,56.4045482855623,1.97222531830717,28.5994443748325
129,549.339852550991,5.50354284542707,99.8156765523213
130,497.35505670896,5.27719651045514,94.2460747337349
131,695.928907841214,4.09163858870681,170.085625294967
132,395.531989644992,3.90619502086852,101.257614515378
133,617.28480992687,9.14001831552102,67.5364959475666
134,618.695555789857,5.20017639419773,118.975878679844
135,49.9844159596429,3.3877707853077,14.7543677324388
136,188.083940308365,7.09931909507802,26.4932365751476
137,719.295889668846,7.06490245547373,101.812571964324
138,502.525446836379,10.9852975303071,45.7452741220685
139,872.942812789777,11.3013142084304,77.2425929135383
140,332.551356100159,3.10424242223272,107.1280238033
141,491.668951166375,8.76619662786181,56.0869179689276
142,587.18482651983,4.46790832478531,131.422756206182
143,523.972874511054,5.8245516014578,89.9593497257215
144,67.7299881544339,3.50715038463533,19.3119714658248
145,312.101861576098,6.94831294503479,44.9176460595552
146,546.709253613293,4.69215341661894,116.515638997848
147,417.177229780238,7.30798337339484,57.0851366875022
148,662.169036336561,6.64018888432046,99.7214157416738
149,701.786347622189,9.14085381725311,76.7747041635855
150,65.1752883721421,3.00552919715258,21.6851290061959
151,700.753969942058,3.60450366623251,194.41066921552
152,503.801432706304,7.05263643530718,71.4344823141817
153,181.329392680331,6.85940760788887,26.4351388699787
154,541.043311835516,5.59613344161645,96.6816316087049
155,288.826578404247,6.46731080362966,44.6594554017952
156,386.526618980629,4.0998314722036,94.2786603793928
157,834.542331338152,5.7246650871687,145.780114405068
158,538.769792982785,4.89504689855652,110.064276021882
159,435.714709146841,5.55165816743913,78.4837063100064
160,63.7782579786892,2.64838201887133,24.0819706236602
161,544.872701910037,10.136592540599,53.7530437104697
162,65.8962179141201,4.82006775077625,13.6712223398743
163,602.396566061772,5.16534007927235,116.622827697074
164,578.970676300861,5.47963781865232,105.658566398327
165,545.964865486633,5.66641733122414,96.3509804472319
166,481.151118987848,7.69587309600932,62.520666984146
167,698.678541154153,8.96732763145295,77.9137966035203
168,344.667718728519,3.7016554210472,93.1117782516376
169,517.912065422364,6.31928877926352,81.9573346801099
170,187.773527222397,7.21552902702464,26.0235287695635
171,684.342512136198,7.86167436305867,87.0479341337088
172,542.342627134465,5.94467846841586,91.2316166494012
173,691.446918204287,8.91819932223255,77.5321220372986
174,323.690545705247,7.36868947621973,43.9278309596113
175,416.771335598153,3.83723726543242,108.612344447037
176,426.574487709098,4.29366778390924,99.349672396106
177,396.512956199167,7.2122219567504,54.9779192289062
178,474.673162247135,5.37361420051765,88.3340605660543
179,682.272685691075,8.81262761066135,77.4198928893438
180,65.140155932268,3.37692441829449,19.2897879441338
181,563.065132198392,3.58883612910634,156.89351977701
182,457.635660262831,5.13712755194056,89.0839590093415
183,372.875240298742,4.30921614767945,86.5297138783672
184,447.231871511689,7.8256470523751,57.1495070654833
185,664.294696626511,6.76620023093984,98.1783976165657
186,299.688065640459,6.92426518817358,43.2808474973368
187,193.714881150811,6.51292217158049,29.7431592221532
188,478.597326529552,9.2877990222524,51.5296816159451
189,307.919880322086,5.03467648518066,61.1598145836052
190,654.515562164685,7.52033089433827,87.0328142951052
191,584.268659113577,7.89867100153976,73.9705019995997
192,84.3939794660343,2.68455674529526,31.4368394759905
193,592.160682445265,3.21003403885168,184.471776709601
194,505.150491642247,3.49133701210559,144.686831976039
195,536.307975198127,5.21042280876202,102.929837919536
196,347.849331181805,4.23182719058969,82.1983780328547
197,674.131604545726,5.94794616280849,113.338551845166
198,432.409036710015,4.4170346812402,97.8957757670591
199,672.32728119474,6.51295722558765,103.229187281217
200,74.1495001282507,3.23424301050514,22.9263849028678
201,747.263302135204,5.29427979332923,141.145411898471
202,424.436484409191,3.33771650651002,127.163731126161
203,351.113850141492,7.52822571037472,46.6396550328743
204,151.827104640608,5.65997089181679,26.8247147454629
205,588.799652391248,5.68794776880192,103.517063855752
206,407.659571435643,5.99498792044962,68.0000655289175
207,520.313314974387,8.64698656278165,60.1727909713563
208,402.793691683496,4.29423199691294,93.7987728592816
209,627.466437344979,6.96871266240051,90.0405093081906
210,354.025897583459,4.18606870316163,84.5724049669974
211,511.040444728673,4.45879525586792,114.614019124589
212,422.391924997952,5.9741714545898,70.7030134987905
213,736.175247364266,4.76409476756209,154.525735377213
214,408.079797739854,6.02592605943284,67.7206779032835
215,542.166398734392,5.95878458806846,90.9860711897516
216,90.6417415134905,4.50175902651671,20.1347386609509
217,328.04316595483,7.06015013331852,46.4640495967241
218,451.260037872095,5.11489310298884,88.2247250892506
219,670.902993282901,4.88991574817308,137.20134002995
220,463.914388694385,4.09764451062795,113.214893944837
221,213.42503126647,6.10715600497038,34.9467135099827
222,632.89136298718,7.0288072252617,90.0424983505812
223,466.967602378254,6.14180094716028,76.0310544733888
224,379.99709156789,3.05103298083667,124.547028483345
225,75.685162555707,2.94068723479471,25.7372364052141
226,448.964506679869,4.66111014943399,96.3213681475405
227,502.185119847148,6.64961260599658,75.5209588291324
228,569.731831319062,5.99081677322171,95.1008606815853
229,555.812350340781,7.34095773840578,75.7138741492722
230,457.060724940688,7.36705964477915,62.0411326878011
231,578.855477893771,5.65084857932878,102.436911866877
232,357.783442762585,7.71442618496528,46.3784906594702
233,562.08338002122,7.42265078376306,75.7254242986575
234,388.464908783067,4.25283916789152,91.3424875588843
235,492.16793745969,9.5725412942168,51.4145535999965
236,361.390406862752,7.2658677686901,49.7380930079744
237,662.478082979693,5.17616221098393,127.986345090558
238,190.842998544489,5.72694448036949,33.3237032764418
239,546.493120794215,7.34036374110265,74.4504141850771
240,83.1914014040263,3.49017300370652,23.835896190727
241,421.258869670249,3.49095589083705,120.671495957871
242,617.866795051413,5.60775813132937,110.180714036064
243,89.7270342015239,6.022580406774,14.8984369059817
244,343.105586126694,4.51919598698607,75.9218204111385
245,450.304106696642,7.20509118982626,62.498044068128
246,579.070826575427,5.90342471306688,98.0906600356381
247,677.300422052894,6.43369570582211,105.273928550892
248,335.336750312789,7.25838240683012,46.1999287881606
249,553.810902657188,7.61500681252114,72.7262517673094
250,78.8365200760403,3.20481517686718,24.5993967593182
251,523.399742696637,4.13845183049496,126.472353463164
252,377.449894087009,4.16071179335792,90.7176254528281
253,576.834639475515,7.57077885540754,76.1922452752007
254,417.632242312575,5.01418489408449,83.2901560541334
255,189.178267404063,5.93266087882364,31.8875916335158
256,110.734191742325,2.92178087703896,37.8995538688538
257,158.04862300712,3.03681720430436,52.0441674207797
258,549.7790952933,6.38726294390543,86.0742856715936
259,771.640801166783,7.04852836803097,109.475448047653
260,430.246987615493,4.65318810508936,92.4628400783791
261,346.359379184053,7.5015570030073,46.1716653016435
262,975.801001719577,4.80850358008868,202.932364605119
263,1315.66173593951,11.3951719718132,115.457821891051
264,576.222160143937,4.97484243894201,115.827218091048
265,412.358846415636,5.74353096634222,71.7953553018358
266,660.267723190285,6.1584546803647,107.213214590253
267,589.265515745625,5.66229249038105,104.068363961532
268,836.299919499441,5.56224407242757,150.352970601387
269,1319.61240409077,11.9865929919981,110.090699248044
270,76.9386078845709,4.20653083224705,18.2902755151023
271,1203.06911393861,4.65387893355974,258.508897870788
272,158.813219162244,5.11026919590893,31.0772707021743
273,531.625846529593,5.26292150619059,101.013447740815
274,940.392060345556,7.75933640221694,121.19490786311
275,675.192450291204,4.42969719369742,152.424064392453
276,527.43144793996,6.84242461376165,77.0825369239987
277,1319.80680856013,10.277829665352,128.412987131843
278,955.268634472655,10.4054136521036,91.8049648395796
279,325.468398428997,7.24227009104575,44.9401077752405
280,400.933471805248,4.00004185338329,100.232319185894
281,1325.77960338102,4.9118157113997,269.916397780165
282,489.345546650158,9.88271931591126,49.5152731761093
283,1293.72834674038,11.6748748761547,110.813037438436
284,806.928750634983,4.95971079636046,162.696734500553
285,695.647937109771,6.26837239860235,110.977442448199
286,538.657203479221,5.28855704057084,101.853340967478
287,727.55331718038,6.18238108794256,117.681732463779
288,109.277615313159,3.12552842019265,34.9629248632535
289,223.571813289553,7.16202842807971,31.2162700182827
290,382.752054496402,8.04802999151378,47.5584776522942
291,561.479960811569,3.69502056068951,151.955842082458
292,753.966911082262,5.22920425959736,144.183870748303
293,1103.35906346806,10.0535133817513,109.748604450145
294,391.558967307844,4.49421413598571,87.1251247626553
295,370.546474356103,7.39323907173502,50.1196391406757
296,809.916210213678,7.57621328307539,106.902509202448
297,661.862949786433,5.31042119312058,124.634737192569
298,940.101921882978,10.1240311473805,92.8584580783534
299,558.638305291894,6.51956331529195,85.6864606225359
300,101.182083440555,3.48332969097975,29.0475184426472
301,699.758177310983,6.52683236530832,107.212524873531
302,940.827322153705,4.11601585904305,228.577185893653
303,481.038853666049,3.65366157121042,131.659389981948
304,652.219475009659,5.61677966742443,116.119825527843
305,353.135312599842,4.65760211581875,75.8191240510817
306,169.682263138503,6.19098386593491,27.4079640349506
307,905.898978825545,7.12293211472156,127.18062789806
308,626.613220392914,5.2004177199461,120.492863100122
309,460.96160034408,6.4585405258265,71.3724096799858
310,384.06120650799,7.49156758033583,51.2658001665886
311,998.025430316007,9.63661686586908,103.565955169475
312,516.468589757692,4.64917193003444,111.08829648162
313,970.632427693536,4.93974712133624,196.494355652557
314,925.845936398627,5.42376894354759,170.701581508199
315,421.336899752695,4.44187646196928,94.8556096415832
316,738.784541906404,5.41990801224091,136.3094244843
317,1096.9846367387,10.4713583394471,104.760490585658
318,452.321710322474,6.24938953959902,72.3785431291097
319,409.605786037976,8.04094282777195,50.9400196980971
320,102.287460999453,3.1553270983591,32.4173874247925
321,472.127167529192,6.6827192830028,70.648960031888
322,540.059488113134,6.81509876050291,79.2445578695151
323,622.636523327125,7.3981404559442,84.1612195706361
324,122.590179913927,4.77130175112903,25.69323557977
325,591.747207938315,4.86244721240049,121.697405049294
326,779.196514122214,5.73035315165429,135.977049494283
327,489.872495455394,5.31042542758677,92.2473165540728
328,726.483441465791,6.260795659741,116.036919418617
329,613.982257355448,10.1444447007423,60.5239887906846
330,634.252608881127,5.08976508685377,124.613336383505
331,901.985690895881,5.35929574098963,168.303026085536
332,659.708705342733,8.47152254002399,77.8736882568531
333,752.99016577877,7.37556219190177,102.092579004423
334,775.2938758776,8.439562837187,91.8642222155685
335,846.09125333199,5.66677773537919,149.307294699352
336,494.73393126766,4.48801000722954,110.234587371845
337,979.880865238625,4.89417494128454,200.213698323877
338,589.055704975882,5.96841402841206,98.6955164591028
339,487.216641835129,4.8447674233329,100.565537880857
340,198.591406523838,4.8919755521036,40.5953391239745
341,409.586472040896,7.6046274951649,53.8601624210147
342,609.139831752487,6.97285929075553,87.3586869248991
343,562.070367675752,7.63484495279803,73.6190939240703
344,695.329369579615,6.65550991577794,104.474244404809
345,523.856265790079,6.29700440466113,83.1913449833883
346,784.839938486554,8.33031953761429,94.2148659415439
347,933.457314250363,8.6596843402609,107.793457310043
348,427.456671139366,8.04349991061574,53.143118777836
349,950.074101468039,9.06205946665952,104.840859295118
350,494.113338108466,3.67127606204135,134.588990247092
351,574.903207511164,5.18790579653571,110.81604602286
352,638.893719088529,3.99126801207957,160.07286836036
353,968.134511027729,4.54486547218059,213.017198628594
354,381.673866122807,7.67087849845298,49.7562132159675
355,881.13644748383,5.13737973341,171.514759120008
356,618.922357178502,5.759699430787,107.45740548026
357,198.607151994154,6.93913375175162,28.6213177464724
358,781.547601605375,8.19999261521092,95.3107689579635
359,959.608426416626,9.21417720260633,104.144776610677
360,109.74304887471,3.92845032477607,27.9354554091161
361,751.637490270261,12.5526274776228,59.8788971958406
362,783.005691204304,4.12612995944813,189.767578554174
363,621.147351103776,5.64206009594483,110.092296172141
364,559.608020154014,4.91569044220145,113.841184007388
365,796.609802272414,5.23242323333337,152.24490962382
366,374.941868803699,4.79466543030541,78.1997981410386
367,840.824731314084,8.14210721436228,103.268688212667
368,513.812163735259,6.22078883514413,82.5959821739157
369,674.572209462169,6.05809363313358,111.35057500147
370,801.260072138537,7.50088789903639,106.822029994805
371,540.62672699841,6.37256112045472,84.8366483709509
372,390.405340803122,7.50701596131035,52.0053963938791
373,900.6418234615,8.41484726114433,107.030085693917
374,216.000750046229,5.89991755227253,36.6108082244353
375,149.916344129949,3.61062727399239,41.5208584973052
376,620.918231999434,10.388553715758,59.7694586742703
377,476.307825573929,7.499623852073,63.5108953420739
378,451.850366440746,4.38554348954287,103.031783293944
379,923.209964002848,5.21444984086693,177.048392865422
380,611.099378902982,5.26843223057695,115.992643002273
381,494.253379913041,5.66352712573916,87.2695352100984
382,816.215954231671,8.39721498147583,97.2007928857645
383,976.669541180908,9.31226500243959,104.879912773643
384,152.641402495647,3.27024948100198,46.6757669047556
385,675.67591693434,5.68500767169711,118.852243647481
386,787.938100127915,3.6216683404359,217.562191250532
387,682.843173868159,6.55022539967252,104.247278864983
388,638.418893624038,3.90189887420475,163.617488357936
389,851.727837497005,7.68751198640299,110.793692289972
390,556.42205513466,4.8951011702227,113.669163472947
391,523.733161797886,7.55597048284735,69.3138178592415
392,485.807529115287,4.73185551754285,102.667447751565
393,1060.21601867565,5.04470765402127,210.164015714672
394,831.571970107557,5.71959916498163,145.389903404224
395,819.216150348264,5.68045751329172,144.216579110288
396,628.65757491269,5.20114735299737,120.869018361958
397,914.596515194875,5.98180911388771,152.896305746617
398,824.264738519433,6.26564016193443,131.553156136715
399,675.839046197227,7.62157315116603,88.6744813429797
400,156.70936927354,3.88529322160385,40.3339877675565
401,764.497773429644,3.69670689941294,206.805081990961
402,1022.25299664792,6.00090330364025,170.349853167574
403,434.342447179386,7.91709319763724,54.8613533195504
404,545.515295272911,3.56100842792824,153.191239592288
405,127.87834857968,4.09236981845031,31.2479942558331
406,386.998118999461,7.20549559266565,53.7087441137817
407,848.052117943561,7.78404031166005,108.947549600074
408,188.738867582271,6.03136126523553,31.2929137026086
409,793.507881855528,7.40771034664317,107.119183219024
410,694.736328914123,6.26191990096739,110.946217757719
411,1087.24836606028,8.24293518263694,131.900632720063
412,579.225239637382,7.21479800927357,80.2829460911965
413,449.896522495776,7.6428707652119,58.8648606415763
414,481.608974102715,7.48183955351905,64.3703958976496
415,683.947511404036,8.28230090815064,82.5794086678208
416,560.362439390747,4.385113859198,127.787432067552
417,1091.42931780311,10.6817246382677,102.177256460349
418,647.620097051185,6.12578913312164,105.720272601216
419,855.774804797403,7.96583532876967,107.430642170904
420,492.476568201643,4.12690418266153,119.33317237427
421,831.529675540752,4.60107126012412,180.725233001134
422,686.189350142989,4.74973722682027,144.468907936274
423,608.430142029746,10.0212454416168,60.7140245765283
424,525.783827437897,6.4352465154793,81.7037585387258
425,194.488630624881,4.76692187317194,40.7996262157045
426,987.814650377906,5.26808378865114,187.509289906497
427,430.692521759793,4.90697868970632,87.7714269807781
428,584.783053385078,6.87788933597804,85.0236205933257
429,564.437273863266,5.37346053625163,105.041671015416
430,658.774352361513,6.64776873465221,99.0970622861142
431,832.205734282893,7.76679292150943,107.149211095634
432,149.789830487304,4.39301345151843,34.0972847318574
433,731.316001578312,4.33591500465811,168.664745686355
434,390.388355988516,7.55148478089593,51.6969003203366
435,391.03670022181,7.28894748168562,53.6478965178907
436,599.785054162366,5.44015864785354,110.251390260285
437,562.314650063609,9.75145692036191,57.6646807401103
438,892.027263732429,5.39193778184675,165.437232368603
439,801.909006806316,7.6494306247857,104.832509259966
440,623.218920572504,4.95274485041268,125.83303590141
441,472.803385486657,6.2468634342978,75.6865249992142
442,284.931102399285,5.53547412978692,51.4736580315755
443,783.428649920795,7.4389234792412,105.314788101666
444,898.468106781393,7.59887774523923,118.236947205039
445,766.860466046303,5.9303393239855,129.311397569563
446,663.550758009001,6.80319979533089,97.5350978909076
447,1065.54188317982,10.4203881944936,102.255488307324
448,492.35403534789,3.41197830930699,144.301631110865
449,809.662746988605,3.75296723897789,215.739359134164
450,147.451863291934,3.77201910358311,39.0909640812441
451,756.091147986454,6.48606312284935,116.571660445744
452,595.314067501916,5.05358569899699,117.800330885864
453,1058.42510903773,4.28480204239349,247.018438323581
454,689.063268549226,7.18845734468546,95.856904410605
455,600.91663917742,5.38563997518527,111.577573314627
456,674.309731096883,6.32016922269077,106.691720955187
457,750.736157491946,7.07683134652074,106.083658170127
458,661.960722893855,7.15171158820548,92.5597620554991
459,189.440774013471,6.18505572427405,30.6287901772633
460,551.772203810844,5.87048330374678,93.9909331585495
461,811.473144674888,7.67510370221381,105.727971394162
462,633.814173185857,5.3768884124323,117.877501738807
463,810.681501264912,6.22173760985763,130.298246583154
464,391.236056774239,7.10092172193747,55.096517338807
465,380.206821299068,7.59001904750258,50.092999624839
466,652.613015692748,7.14519568000966,91.3359192553093
467,785.84208906336,7.44283914121426,105.583645454838
468,542.084077773696,4.98983936016438,108.637581021414
469,1038.32601978614,6.04511716199487,171.762761905427
470,608.355664929834,10.5179224269714,57.8399079432086
471,944.885671612098,5.37734930652325,175.715881143496
472,460.496214669603,7.7817148366845,59.1767013227901
473,684.112195487549,6.72618717152283,101.708765760181
474,864.527279588159,5.61700257565444,153.912565989421
475,771.698207770463,4.89274396985433,157.722989906099
476,266.473262695194,5.59528602106853,47.6246007249342
477,508.686673582495,6.66875243606987,76.2791359341992
478,655.437300677378,7.11601773744166,92.1073168815654
479,785.891318553757,7.65488244831632,102.665367346903
480,148.789986940107,3.6644691199445,40.6034222338761
481,971.222766756003,8.45121392330103,114.921096018907
482,554.715783997261,3.93865496146435,140.838887748376
483,694.26212830919,8.3271621796523,83.3731964540864
484,646.186870301022,6.15318145645042,105.016709628093
485,724.487746474418,3.95313883803676,183.268986027877
486,168.409212113894,6.05040286501071,27.8343799365493
487,687.822122514261,6.40240280383259,107.43187262484
488,424.012366373052,5.15227920531328,82.2960770324307
489,797.536079428995,5.88174935839609,135.595046784938
490,490.169254027678,5.18911498669616,94.4610507349273
491,688.379490586977,5.4474714998763,126.366790648213
492,819.768972919284,6.55951902427568,124.973945480676
493,450.75665922744,8.52571617394483,52.8702398755642
494,783.673478318083,5.96671007489725,131.340968218835
495,627.791370972855,5.68945453177952,110.342980590882
496,430.758887795221,7.75092293223226,55.5751736356334
497,1002.35062404769,5.56733103805451,180.041498735444
498,763.618257042825,9.19690076867435,83.0299550087342
499,728.733682452732,7.29388618937792,99.910207471291
500,177.537235352487,4.07819888015864,43.5332460651307
501,837.000531352696,9.15817598478558,91.3938029519414
502,664.732949242104,4.71177311937794,141.079150544894
503,740.496411688008,7.19768602553609,102.879787901398
504,488.327379387896,5.07508243179089,96.2205808380487
505,583.733087791724,3.90810878918681,149.364595327241
506,600.164605506714,6.97950896971682,85.9895170434984
507,603.505737174284,6.37222807505323,94.7087470922395
508,542.214598197208,5.86485263473014,92.4515298110568
509,773.371742646601,8.00944694940629,96.5574461672323
510,253.479245875098,5.72767688872876,44.2551580334268
511,909.571298558846,5.66144030976592,160.660759239984
512,191.836498116332,3.41849022981593,56.1173164817446
513,732.721224371974,6.49534214975691,112.807178971996
514,203.959819983088,3.39939344217644,59.9988861108421
515,575.122412159116,6.68889039425816,85.9817366199945
516,759.434785432332,6.68422936568084,113.615907516809
517,634.635289856642,10.4440483881157,60.7652575201386
518,867.797608652772,7.73574526316025,112.180220409462
519,824.111659460536,8.45866153984936,97.4281398514513
520,565.18307163623,5.07383283710044,111.391740678476
521,1498.25459791786,5.1053144610599,293.469601010005
522,520.869833196188,7.98315104212318,65.2461453438389
523,1551.39940316362,11.4915239227771,135.003800504528
524,1072.27513227212,5.07979408329489,211.086338282557
525,496.446050570955,4.00397399200315,123.988330484282
526,1240.86848905617,10.8721457114637,114.132805242647
527,410.132072917508,7.53036068935294,54.4638019128868
528,626.510905262879,5.29300621632866,118.365798122459
529,653.465571117176,10.125320099112,64.5377691490944
530,576.432722269123,6.51537698966783,88.4726583255639
531,448.798779660079,7.60795714905048,58.9907081319579
532,795.055841530106,5.82506541467312,136.488740457298
533,896.232103806864,6.75377440891398,132.700923889902
534,777.302708365584,6.03950554321713,128.703037492624
535,587.686567138934,6.74832058178945,87.0863439304921
536,1104.59737008177,6.76169203839275,163.361088291198
537,804.759193188106,8.86661404093707,90.7628537198688
538,1261.51856059997,12.1362520416372,103.946305356212
539,726.098874970669,6.51323702143681,111.480493122066
540,170.061347621322,4.38975987523666,38.7404670083814
541,1385.49522203287,4.25694660421781,325.4669017131
542,1260.903377379,5.20984537887143,242.023186041682
543,807.992663068268,4.45424897331231,181.39818135658
544,234.526631063782,4.86455413703312,48.2113312869448
545,637.435073965456,5.92229152647252,107.633180689626
546,573.25506277815,5.84569260626933,98.0645239818719
547,1400.76348486921,5.65668974648638,247.629540888165
548,1098.34495754179,9.07992034043053,120.964162279172
549,428.21642409432,5.33398573261271,80.2807591846649
550,681.193482488049,5.02804345553242,135.478837546347
551,535.035858791042,9.11232453363817,58.7156281381283
552,650.750667048643,7.13475830249594,91.2085090283986
553,939.947384473715,6.175071206677,152.216444639111
554,1256.47507964087,10.1193420432122,124.165689258788
555,916.245660731232,8.36210132460401,109.571222012742
556,1098.05693562896,11.7022828109106,93.83271224698
557,1386.65889150992,12.1485188844183,114.142218051655
558,524.108548674871,8.10595905419229,64.6571917241316
559,799.13154953098,7.66683827226862,104.232216873738
560,540.523334755136,4.86288239635866,111.152869985069
561,266.762661882614,6.19213292409693,43.0809004187388
562,1286.22687536678,4.95733070258012,259.45956655612
563,1445.42082564087,10.4238848667998,138.664312212863
564,726.396844237268,11.0754427353918,65.5862579575308
565,631.584554468889,5.32108897282594,118.694605125812
566,1267.22683419539,12.2029700056616,103.845771448054
567,475.20381990524,6.35243159686285,74.8066016389566
568,1010.87332174474,6.19610715982229,163.146520173117
569,1457.87210841751,12.1397222044667,120.091060064052
570,796.256209167334,5.93431937412018,134.178186067949
571,1503.79701598318,8.01483185400126,187.626770389754
572,606.443552778871,5.75869147669246,105.309262570042
573,857.184394886198,9.19244588509806,93.2487833598005
574,823.574399805857,6.62117625592903,124.384908054422
575,677.600101062989,5.58337601390817,121.36028441844
576,190.063066625296,3.41498854289748,55.6555503006271
577,1366.23434339652,3.54288523291388,385.627603938173
578,268.390001282356,7.24559323510984,37.0418256412496
579,837.415055509825,3.93295667782809,212.922522190677
580,471.591710735791,6.86735717433307,68.6714989134944
581,814.489698512036,9.08201233993726,89.6816331035355
582,753.861098194257,4.15695175592509,181.349494162338
583,568.744369625575,6.8518663117772,83.0057598537787
584,918.716211917827,5.74715222150621,159.855903673463
585,566.157202838182,5.24149848322371,108.01437883656
586,1197.6385242667,11.3385518035309,105.625351898446
587,1395.09553251849,12.141802479261,114.900199941599
588,518.813606204685,5.43046019815844,95.5376869129108
589,559.276920152753,8.05582390081343,69.4251670640765
590,489.068368362511,8.30349736251222,58.8990815569482
591,823.379947292871,5.97074967726284,137.902272210201
592,929.258609434265,8.1490647899677,114.032546480459
593,1388.42007465563,11.9994148660581,115.707314911077
594,748.249202000277,5.79291247609112,129.166322655227
595,259.623375175152,7.06607898619062,36.7422124324592
596,1064.27412315248,11.3037770256769,94.15208038295
597,825.71323631448,6.75568775547254,122.22489644309
598,671.715852046562,6.61682577736479,101.516327412519
599,1373.58178467059,9.23673888179233,148.708521724937
600,190.421089625676,4.12524307814985,46.1599682778159
601,1204.97073943955,3.92096689320629,307.31469360972
602,790.150694961337,6.98083584193909,113.188551178114
603,1083.42056362943,6.16423421712628,175.75914955005
604,1039.35736325981,4.55245060760721,228.307224579885
605,699.591073980053,6.16711781316787,113.438902121556
606,635.103150356197,3.85319027131681,164.825276105339
607,1228.3312046364,8.03902083004798,152.796121642724
608,787.869923321634,4.90163511777552,160.736143019799
609,485.792080496192,8.42377666750146,57.6691547830744
610,469.539917738897,5.12249147893378,91.6624106979732
611,718.89456610235,10.1904367662041,70.5460013732201
612,246.301311426979,6.09738381576806,40.3945887070509
613,1129.94223342683,6.49283720353658,174.029041235065
614,1022.32627451459,7.72433535716289,132.351358044879
615,809.708663900494,6.62869021240698,122.152135332098
616,697.438607682519,5.69139420256608,122.542664039694
617,1197.24461561026,5.31408303695375,225.296557709902
618,687.922357513737,7.36097643222815,93.4553131432191
619,1163.18878738785,9.70072078618196,119.907459767807
620,483.72726147557,7.08880357825006,68.2382091894529
621,691.039050680961,7.22048424514535,95.705360917528
622,1060.45527363896,9.08749401737319,116.69391711418
623,829.186845320996,6.33828711351301,130.821912998103
624,623.082918985416,5.33161498261693,116.865700358503
625,185.411126618826,3.81559096755941,48.5930300693162
626,1067.68237278954,4.90030081145065,217.880986060011
627,831.675785680329,6.34222706713891,131.133082571185
628,1021.10184670803,5.98943841207216,170.48373761552
629,948.257944091708,8.05010876625382,117.794426339532
630,520.458170342153,5.15399995549776,100.981407612738
631,1350.03416524413,5.44963260611805,247.729390735168
632,947.673534642313,6.15639005074959,153.933315925447
633,691.70739238333,5.02498672569535,137.653576047529
634,1244.82851268428,11.1589404794215,111.554364411201
635,588.117229793036,5.69057024161472,103.349436844163
636,628.303008148543,6.89327321713906,91.14726608926
637,645.333590863415,5.83011120441156,110.689756719409
638,535.273235513216,7.65741146898357,69.9026345497231
639,1059.02619837487,5.65982246304366,187.112971350229
640,186.796588030041,3.70786820561626,50.3784324769427
641,1201.03553075966,3.5621432773882,337.166541947821
642,645.032398916213,7.31694930751662,88.1559201528946
643,1221.92995714235,10.4010289754838,117.481641482064
644,646.63197032523,6.48432544442444,99.7223189778726
645,781.860362175706,6.90715255815611,113.195756947987
646,750.451534889,7.42888455233244,101.018063964042
647,1221.86908164988,10.2931552116762,118.706952000863
648,214.863474871702,5.66276105583057,37.9432352439578
649,539.598795341489,8.25469062061373,65.3687485263221
650,614.168829833405,5.39044485645549,113.936575957713
651,458.988628167404,7.85561113018796,58.4281248856093
652,821.63896723908,6.07965901432378,135.145567424634
653,1144.02233995556,9.73663504045274,117.496684963799
654,673.971344075337,5.873867651051,114.740641790719
655,1124.27020602021,5.39474178920782,208.401115372993
656,843.02688487024,6.83398311674054,123.358057880646
657,999.578910478347,5.62860868515041,177.58898626502
658,713.000242574187,9.86808012856652,72.2531873763535
659,1200.67169165136,10.4499873207634,114.896952005455
660,696.580426121324,5.23526858447892,133.055337062646
661,1191.60035759226,5.33187107362349,223.486341124609
662,1021.86302922336,5.59044654185529,182.78737155838
663,286.589693627204,5.57850375732662,51.3739357530784
664,822.662777572089,8.78430387105964,93.6514480427294
665,771.799655220865,7.48640591545508,103.093482231246
666,939.315204610539,7.66330929802286,122.573051416949
667,568.141191887983,8.36625070058969,67.908697960478
668,842.787494589472,8.78271287912091,95.9598140334321
669,635.985171234099,6.65626678128311,95.5468270926938
670,1116.34581408648,6.14091469767802,181.788197531647
671,510.454282219038,5.19131763515576,98.3284626550736
672,518.090150540254,3.81315418809747,135.869184665399
673,1162.49495229153,3.85066477092853,301.894613384173
674,1018.37232837763,4.76328443633686,213.796245424469
675,184.206884561851,3.89340782201769,47.3125069303396
676,763.245320149297,5.87802488351934,129.847242104957
677,1149.83369661697,6.06299618408454,189.647768480426
678,658.714126920765,5.17101143773156,127.385935005731
679,749.831736234241,4.00015722235298,187.450566203789
680,246.728031639254,5.29077755438329,46.6336051937858
681,685.366494014556,7.22825818953031,94.817655380278
682,475.116569315815,7.53328465364152,63.0689786939284
683,1184.62454049305,9.79011517254363,121.002104634615
684,769.438729510337,6.05539241846815,127.066699618616
685,1139.44056987355,8.68321930125727,131.223286011971
686,559.3982097035,5.39236364361152,103.738962480068
687,668.919915625723,7.27436331032118,91.9558024654378
688,795.073583813363,6.86413996442611,115.830036673769
689,615.794581609889,6.94210245288475,88.7043350035837
690,661.073178425251,6.18806546772236,106.830346555556
691,1164.93615155336,7.99345343188465,145.736278003023
692,831.058130277,8.69201430219884,95.611684631808
693,736.425280665839,5.53389328736211,133.075439374234
694,1023.31218976872,8.89024464143303,115.105065275658
695,1158.03252705707,10.9696431454976,105.567019063184
696,514.28870148554,7.31974807924209,70.2604373699691
697,856.225019097665,6.44187303693948,132.915537792787
698,1016.98754809235,8.81858563417589,115.323203774432
699,665.588439830414,7.19693966669527,92.4821480594741
700,526.391986344262,4.21949681545386,124.752312744107
701,1165.37448932601,4.38045756830065,266.039442490959
702,678.216658066484,5.40339211433159,125.516831596883
703,912.726735088656,8.19770964779994,111.339236726152
704,792.667262489475,4.24658509609169,186.659926635875
705,721.328206250743,9.83528745803807,73.3408361807691
706,1006.81905594603,4.6348105131083,217.22982052848
707,632.417690190266,3.91199587812754,161.66113408406
708,483.788170621505,8.28952396106429,58.3613935967671
709,1180.0578098656,10.0809700432916,117.057962160187
710,1094.1049679917,5.70314973767663,191.842230752549
711,983.484023434481,6.03141293589908,163.060303429196
712,839.796815738163,6.27347932910202,133.864602349518
713,498.163250755859,7.79280763067061,63.9260295346197
714,249.375683499672,5.76549542786498,43.2531231044646
715,648.673776919271,5.90636315191071,109.826260295123
716,810.439719305663,8.80286145124323,92.0654861824735
717,664.880282833152,7.28110754270968,91.3158168497145
718,1040.49619508955,9.17530187152301,113.401848752126
719,1142.49809814831,9.81760167974898,116.372423267586
720,183.427577741298,4.40541149021632,41.6368773152428
721,647.524237020807,7.25837308482294,89.2106577401983
722,767.783152354092,12.0808790347792,63.5535833231793
723,558.192381813456,4.05721166371335,137.580296045628
724,818.244915678415,4.60383692718187,177.731081404589
725,513.802585053426,6.46345236829243,79.4935207651522
726,748.129377662551,6.36606732587643,117.518294948217
727,930.797796519286,5.69582745852376,163.417484693353
728,684.647624065403,5.77955485165742,118.46026928338
729,219.996001887404,6.22927586112627,35.3164648334627
730,1011.95963548093,5.95706375069698,169.875575926567
731,794.028616515608,7.01042329901881,113.264004561143
732,467.282532768426,5.1528992886352,90.6834204578819
733,1069.25759805572,9.13085642517322,117.103757661531
734,931.874988870851,8.5458002977408,109.044788832382
735,544.254437821785,5.51656772847817,98.658162939282
736,641.717463267959,5.37048520959107,119.489662148576
737,1165.98758881702,6.71601966563961,173.612890799356
738,817.687504453665,6.57516837356925,124.359933920566
739,1072.7956761926,9.22215383286713,116.32810465265
740,953.010948098821,8.3579434240636,114.024575155053
741,849.048333348047,5.89507782431695,144.026653871431
742,638.561325896524,6.64361530426113,96.1165414690641
743,1101.80914542846,9.15332777371353,120.37252163007
744,470.074441260341,7.62859769479656,61.6200329427487
745,1160.7361991702,10.8239375151478,107.237888018642
746,963.431883446816,8.28802997043873,116.243774079381
747,866.168298826463,8.84608304235113,97.915460964998
748,283.192328350644,5.91012647281937,47.9164582438369
749,671.166116811921,7.0807393923008,94.7875750859733
750,243.898551471721,4.19171819214378,58.1858179132465
751,1039.24436450975,4.22355202194928,246.05932615697
752,698.067699980212,9.45936138067153,73.7964934299461
753,619.866164920823,4.39815783894736,140.937680642489
754,579.504392641967,6.92500055170117,83.6829381189881
755,1154.57758197929,4.60267613414812,250.849190411913
756,520.387945916268,5.36259542193208,97.0403144320701
757,1101.42467261315,5.37904101902734,204.762274300766
758,1068.15167862711,5.69988994821451,187.398649505805
759,736.558970969195,6.68514753929943,110.178416652624
760,841.498250114011,5.98737345871683,140.545475560557
761,1088.83706609367,7.20782438773424,151.06320680434
762,614.669904182212,5.45141118139912,112.75427292653
763,703.795711843656,5.68953453700622,123.700050903283
764,898.560993838497,9.29212766591708,96.7013181635848
765,250.019721989229,5.5636315514103,44.9382241938455
766,1076.33731223984,9.43700971799439,114.054911926973
767,578.379875701866,8.36706241482018,69.1257991188651
768,261.407844067136,3.60221544480678,72.5686311861222
769,1058.46047755996,3.51520480954299,301.109191329757
770,828.635444204477,5.64472671726314,146.798150860037
771,258.596043228279,3.65510906985955,70.7492001704386
772,830.785979683635,4.02040738188502,206.642238154013
773,1081.6329280676,7.83627784137471,138.028914997971
774,737.43211989366,6.83458862814405,107.897074720342
775,504.162201253966,6.48153149782499,77.7844250889081
776,750.254809125945,3.95000320655516,189.937772172152
777,988.268425641431,7.91180514339074,124.910612398865
778,953.815990154617,8.26735842704149,115.371312199893
779,868.741963483235,6.62289603331585,131.172520165364
780,715.504137445214,5.18499617711808,137.995113786739
781,1148.47685489369,6.03083766717465,190.434052162398
782,657.222686080398,7.62297873178148,86.2159936692891
783,494.965452359725,7.73470287206196,63.9928204802228
784,557.261352455066,5.48394851631976,101.616809639387
785,1102.54097434532,6.07368414528363,181.527545386349
786,1166.32732004847,5.54559146119544,210.316127361652
787,1074.62700041157,8.8998722055267,120.746340576019
788,854.61724157712,6.13633141588185,139.271689166792
789,1351.62926970938,11.219692212782,120.469371536729
790,1047.1671153504,6.23921949354871,167.83623599605
791,694.924970297679,5.53485607606488,125.554298205302
792,828.658324291027,6.1987878440561,133.68070421794
793,583.586339299211,5.57504510726259,104.678317048767
794,956.992678411413,6.25472340166733,153.003197256701
795,630.877350374125,6.8770409745273,91.7367444386193
796,840.838421331531,6.78928080801114,123.84793693308
797,1063.22014224949,9.52246292402638,111.653902013822
798,796.297391599454,5.65434238678711,140.829355056428
799,715.927689486895,9.86975411949112,72.5375405323479
800,261.285513892916,4.05362467622819,64.4572536340578
801,840.624134476516,6.48458391043287,129.634244245658
802,873.391146435482,3.97840066613087,219.533229488644
803,1031.80263140242,5.98427091837876,172.419104261067
804,1154.10913902807,6.51883044910028,177.042361822336
805,694.861207698147,7.94807907594487,87.4250496325796
806,564.497626576878,7.17964930696825,78.6246796245329
807,1383.46235940519,11.5619749634335,119.6562320694
808,673.43442131044,4.14958579815937,162.28955227511
809,948.197174728681,8.43882313873835,112.361304312208
810,208.623502843133,4.96579818612887,42.0120784259594
811,1057.66977184788,5.15522384859885,205.164664602363
812,593.651575758216,7.22807711349676,82.1313284898012
813,1396.12970397736,5.20764747205385,268.09220698396
814,977.665387314612,8.41429764093197,116.190967925675
815,944.894761745995,6.46839564012012,146.078690036413
816,252.951492564745,5.51978130692761,45.8263613174815
817,784.156766770674,6.99570660005625,112.091145555528
818,869.600167578196,7.87243636560573,110.461377798801
819,710.005098724058,5.50309249180486,129.01929229454
820,867.109088620376,6.72263215338102,128.983569059967
821,996.9140740984,8.47642794943843,117.610163154215
822,1126.36882497793,8.88531494012666,126.767462106624
823,1003.32995882055,8.46871277992595,118.474906977459
824,651.138598600569,7.56538358905936,86.068153839841
825,844.515428048511,4.99906689654685,168.934612303722
826,576.106357758339,8.31997517305508,69.2437592391028
827,992.109951666725,8.69421125713478,114.111553345631
828,644.278867143651,6.8390019653782,94.2065626542077
829,995.569189170372,8.40461371746591,118.455079868983
830,888.341440629926,9.27021884347079,95.8274508541515
831,1359.79569761804,10.5044294025864,129.449744055897
832,717.403415146655,4.50788710920317,159.144050808643
833,282.673947745812,7.18068756064488,39.3658609093453
834,1172.80276287497,11.7091856344188,100.16091635165
835,917.107055683623,9.11941039624942,100.566485752281
836,816.923640135252,6.3934086393777,127.77591519862
837,464.807691998318,8.59350796187048,54.0882366154401
838,871.791737168063,7.90450888893931,110.29043668835
839,1022.18824326786,8.74245131163486,116.922383303123
840,517.664181967137,4.56942708146627,113.288640509616
841,614.596857512926,8.87431988711801,69.2556573721301
842,866.811056971428,4.84157421287707,179.034962361205
843,1385.64909866304,4.94427040509522,280.253502566342
844,721.138910002951,5.16607141981822,139.59135509364
845,766.459058456285,6.28742039651727,121.903580501924
846,704.343411540687,10.5172162374966,66.970517258124
847,853.05006857076,6.86250901488793,124.305857627305
848,627.915550526086,6.8619150165845,91.5073341783574
849,1361.37466659606,11.6567072987945,116.788955208376
850,264.582605698173,5.22141664542672,50.6725710023377
851,938.370400044133,8.7910250297975,106.741864215321
852,1126.48315768714,6.02621798200202,186.930370101366
853,979.827315102371,8.22642997111633,119.107233458818
854,505.472876614513,5.23536674086463,96.5496595814476
855,791.750397920969,5.79928212229199,136.525587344258
856,676.154932193,7.80009581582238,86.6854649171655
857,980.277431315768,8.26757531265417,118.568914614588
858,734.001552531788,6.46964545506599,113.453133966875
859,976.72574024949,6.61205773000456,147.718876654275
860,846.300973131295,7.44076212734995,113.738479828639
861,838.113161688194,6.7662433894219,123.866836212021
862,854.539016707292,7.63843565109149,111.873563611835
863,961.92479533997,8.21724556847167,117.061707274604
864,265.61340634876,3.7675920348921,70.4995137182804
865,894.324214970059,8.85877921888969,100.953437586872
866,814.037656409623,4.79656317905701,169.712693447657
867,354.813887078032,6.74212255100211,52.6264369112209
868,537.911300179912,7.30644314516087,73.6214994755931
869,1027.66604448814,6.11944653115932,167.934475651583
870,563.239265660982,7.16282295996165,78.6336991447849
871,1155.46921480469,6.74651209655846,171.269123699358
872,679.536842775566,6.54903469382497,103.761374697907
873,796.368567195073,4.09809608674832,194.326475108826
874,677.264357933236,10.1142345854229,66.9615038303876
875,547.431218112839,4.37188267386351,125.216356190333
876,1031.71986009956,5.94382843533884,173.578337821042
877,930.584545334349,8.11978348096504,114.607064032667
878,843.986776560976,7.50751451531843,112.418933701546
879,1293.52419141863,11.1188728178447,116.335910357987
880,782.904081094442,5.31759710225515,147.228920514196
881,934.64249263278,5.17238453228517,180.698570804026
882,623.226757624836,5.00169119192411,124.603205937847
883,970.418087129436,5.34674534314898,181.496971493672
884,303.442999442797,5.10890753980062,59.3948896273506
885,577.747766711815,7.9388103494478,72.7751062540499
886,846.511407749841,6.85323718340145,123.519934462518
887,926.231749745451,7.50618241684804,123.395848689538
888,993.086757584895,8.07749727783695,122.944858218613
889,658.641755700138,5.72367481631878,115.073231243376
890,872.453537277444,6.33804050887301,137.653512320731
891,797.358096929358,5.58361874545927,142.803105526821
892,666.490000569727,6.89938929096423,96.6013037476512
893,721.157101755568,10.0881652009048,71.4854572059238
894,1122.95075245574,10.9739659186592,102.328616726098
895,872.8020371521,8.4384510216238,103.431546253633
896,540.599731505117,3.93771639218296,137.287625025078
897,706.755078699019,5.98862192111668,118.016312936187
898,830.819157805731,3.67774353356128,225.904593461747
899,566.615005602821,7.93713998203914,71.3878055426776
900,271.187799297243,3.92609539932955,69.0731558238634
901,640.227831174316,6.19045180704092,103.42182624637
902,868.025803785126,6.41593790326442,135.292114243106
903,819.601359106328,6.81449205634646,120.273287037296
904,643.576442058412,5.06626012589972,127.03185901733
905,909.228848969586,4.40907620394749,206.217540117711
906,1100.01551637581,4.38446410339901,250.889388174722
907,807.99126506455,6.5042272373228,124.225559099182
908,711.79127060755,7.3585357114343,96.7300151172074
909,669.293105264384,4.21228556515497,158.890724503803
910,750.572267105405,5.68648946584241,131.992202151071
911,805.286978853394,4.93314934893751,163.239934956933
912,796.653528995929,5.59249094734205,142.450571041971
913,906.049765633183,9.57374609770754,94.6390009079246
914,860.082070314086,7.4264781870869,115.812912749086
915,528.897388614536,5.10146066915519,103.675677009997
916,725.916567325999,7.6165850238381,95.307354287263
917,1171.23104351,5.23507908183863,223.727478649405
918,271.115300648325,6.90657062855633,39.2546916884271
919,818.176466723655,6.80818727139773,120.17537622106
920,706.895049202311,6.03838191700707,117.066965772957
921,1129.85449184923,8.05363614390336,140.291226430006
922,830.569449354848,7.26352222623394,114.348028888113
923,1161.48155942179,6.02872257370251,192.65798769514
924,799.323463012984,6.17711733171301,129.400725304228
925,1026.06950758535,7.05544322910433,145.429489582273
926,867.636345570733,6.28542853165981,138.039330365533
927,677.359690770258,7.20771292456925,93.9770628851369
928,574.472527508353,6.05826381636739,94.8246139358146
929,813.483449106188,7.30120749106197,111.417659353202
930,531.893023362667,7.16985955006981,74.1845805553455
931,817.296013892808,7.58390641472478,107.767154445097
932,713.33088051632,7.42628177136628,96.0549171816682
933,1128.85728471138,9.27830227151485,121.666362193983
934,865.10116525594,7.54645816325339,114.636713878366
935,322.616153216964,6.0544173650657,53.2860775470281
936,720.972783584823,5.94554949433137,121.262598902291
937,778.06898147789,4.95602360965658,156.994607524036
938,1225.72719274588,7.27546359227065,168.474101643237
939,1168.23272198486,5.36011300850278,217.949270870163
940,765.901421943323,9.68520758686671,79.0795050156589
941,873.780025960545,7.54826679507052,115.759027824928
942,1112.44187725866,5.96549467070427,186.479401737079
943,882.998832097523,7.15128047545791,123.474227465674
944,575.434546744269,8.37017594281979,68.7482020300774
945,561.337326365201,5.50821831486128,101.909055574413
946,860.873094722788,7.76963546177053,110.799676375887
947,916.186682340258,7.82892276574291,117.025893568554
948,1053.07552206902,6.86382589509963,153.423985130633
949,1059.71160884098,6.08183818173075,174.241993485497
950,885.428522146107,5.57082744036225,158.940216983014
951,1346.16794720647,11.5902924741034,116.146158538645
952,276.925778486357,6.41786145411041,43.1492297654691
953,906.203977861731,7.84972926133348,115.443978727464
954,612.51743960058,6.76534728208795,90.5374719228815
955,910.89966686315,9.03533872521194,100.815220609428
956,697.293608862074,7.17228861535023,97.2205172237098
957,574.775710556546,7.45623254088008,77.0866127639178
958,856.841283734152,7.5473979729973,113.528037980734
959,1216.39447043105,9.17099860735247,132.634898609172
960,265.643639706113,3.80760425408198,69.7666096525991
961,574.173781708331,8.79751696155629,65.2654361699303
962,1030.97988591845,7.71773367834711,133.585833469606
963,655.361295957022,6.99537557792581,93.6849335188007
964,591.623032423643,4.09745863896031,144.387798524249
965,921.532980372998,4.19253766643819,219.803148758803
966,679.377025302583,6.21081358300074,109.38615629393
967,758.56647143844,6.7541568458606,112.311053585221
968,836.087844217789,6.84253110434275,122.189849263111
969,861.816646050012,7.54126557854249,114.280108169401
970,837.305406645717,4.35981566855886,192.050643949011
971,773.056494583846,6.6839984607787,115.657790635365
972,269.738705701556,5.71159260778726,47.2265310613698
973,1200.69158015954,11.6970528933106,102.64906819787
974,780.18977261685,6.80017251913039,114.730879315489
975,733.226488871681,5.62803285758601,130.281131511762
976,555.196730673397,5.30130803373895,104.728253317856
977,857.108003346016,7.38134769535594,116.118090993773
978,952.428525591511,6.50987729759852,146.305142485997
979,895.483515207574,6.55316117369628,136.649090640705
980,691.721941873944,5.03912244230137,137.270318352898
981,726.616137700927,5.79639551291027,125.356548924679
982,764.194888551527,5.26784395151202,145.067867534721
983,915.523888569179,7.25925208793643,126.118211281106
984,892.514888148552,8.5138339334884,104.831136609081
985,1005.63589199243,6.16271684835684,163.1806095814
986,568.845855194287,9.01718229882504,63.0846573067963
987,745.562092716827,10.5046803032647,70.9742772928671
988,1041.59114555383,5.50326221462461,189.267947797555
989,881.607367727917,7.34930171027716,119.957977299406
990,794.837361604731,5.85799270066536,135.684252647575
991,865.27837268516,5.94047899888039,145.658013915753
992,557.587178042882,6.1900366855673,90.0781701896781
993,1162.79627857404,5.62961439304765,206.54989798414
994,1185.59999212125,5.53102262783689,214.354572724814
995,942.413740908592,6.3137889802588,149.262787187728
996,934.298073132544,8.82010989166804,105.9281669512
997,870.93256880831,6.77095092972731,128.627806913288
998,812.641234560375,6.40692310560812,126.83798777748
999,1002.54718922372,7.14543610266103,140.305948415151
1000,291.449573656779,3.99018792068546,73.0415658234743
1001,776.653452684421,5.67712107032245,136.804102478003
1002,951.175605458871,8.38602789497823,113.42385422167
1003,593.159494315019,7.46548345115731,79.453594425029
1004,728.070226435854,4.76308964253058,152.856712990402
1005,1206.14720083557,5.78413280950817,208.526885629745
1006,878.910059385352,6.64649023509853,132.23671867357
1007,682.884348313215,6.82699019290724,100.027146519514
1008,559.048888273261,4.80850368562756,116.262547524761
1009,772.817533157271,4.3348413456067,178.280465544722
1010,730.999061202589,3.8148273381136,191.62048407781
1011,1131.82282383852,4.60962537080109,245.534665573446
1012,709.310865376529,5.85491570662902,121.147920980901
1013,806.677018536328,6.21137133728591,129.871001866201
1014,812.985332707849,6.03211400319479,134.776188294397
1015,613.07278843776,7.79899655181658,78.6091882929427
1016,668.043216728699,5.60852060576386,119.112197972876
1017,741.805247009802,5.05568094758426,146.727068954827
1018,846.833273326224,6.67139133984688,126.935032017723
1019,909.122842257941,7.05661884635465,128.832640964813
1020,295.142025029424,4.92560907112068,59.9199044763561
1021,930.461123973853,6.3584680673454,146.334166361916
1022,1030.02961536967,5.49102839930514,187.584099091532
1023,559.605990143784,6.94169606381837,80.6151673883523
1024,319.068029697597,3.61210863075487,88.3328997862718
