8 4
9 2
10 3
11 1
12 8
13 1
14 3
15 3
16 8
17 1
18 7
19 1
20 8
21 2
22 2
23 1
24 19
25 2
26 2
27 3
28 7
29 1
30 12
31 1
32 16
33 2
34 2
35 2
36 24
37 1
38 2
39 2
40 19
41 1
42 11
43 1
44 6
45 7
46 2
47 1
48 46
49 1
50 7
51 2
52 6
53 1
54 17
55 2
56 18
57 2
58 2
59 1
60 42
61 1
62 2
63 6
64 32
65 2
66 10
67 1
68 6
69 2
70 11
71 1
72 71
73 1
74 2
75 7
76 6
77 2
78 10
79 1
80 46
81 6
82 2
83 1
84 39
85 2
86 2
87 2
88 16
89 1
90 40
91 2
92 6
93 2
94 2
95 2
96 108
97 1
98 6
99 6
100 24
101 1
102 10
103 1
104 16
105 10
106 2
107 1
108 68
109 1
110 10
111 2
112 44
113 1
114 10
115 2
116 6
117 6
118 2
119 2
120 126
121 1
122 2
123 2
124 6
125 3
126 37
127 1
128 63
129 2
130 10
131 1
132 36
133 2
134 2
135 17
136 16
137 1
138 10
139 1
140 39
141 2
142 2
143 2
144 196
145 2
146 2
147 5
148 6
149 1
150 40
151 1
152 16
153 6
154 10
155 2
156 36
157 1
158 2
159 2
160 108
161 2
162 40
163 1
164 6
165 10
166 2
167 1
168 119
169 1
170 10
171 6
172 6
173 1
174 10
175 6
176 40
177 2
178 2
179 1
180 164
181 1
182 10
183 2
184 16
185 2
186 10
187 2
188 6
189 15
190 10
191 1
192 248
193 1
194 2
195 10
196 21
197 1
198 35
199 1
200 71
201 2
202 2
203 2
204 36
205 2
206 2
207 6
208 40
209 2
210 64
211 1
212 6
213 2
214 2
215 2
216 230
217 2
218 2
219 2
220 36
221 2
222 10
223 1
224 104
225 23
226 2
227 1
228 36
229 1
230 10
231 9
232 16
233 1
234 35
235 2
236 6
237 2
238 10
239 1
240 352
241 1
242 5
243 12
244 6
245 5
246 10
247 2
248 16
249 2
250 17
251 1
252 154
253 2
254 2
255 10
256 126
257 1
258 10
259 2
260 36
261 6
262 2
263 1
264 111
265 2
266 10
267 2
268 6
269 1
270 117
271 1
272 40
273 9
274 2
275 6
276 36
277 1
278 2
279 6
280 119
281 1
282 10
283 1
284 6
285 10
286 9
287 2
288 516
289 2
290 10
291 2
292 6
293 1
294 34
295 2
296 16
297 15
298 2
299 2
300 164
301 2
302 2
303 2
304 40
305 2
306 35
307 1
308 35
309 2
310 10
311 1
312 111
313 1
314 2
315 35
316 6
317 1
318 10
319 2
320 248
321 2
322 10
323 2
324 182
325 6
326 2
327 2
328 16
329 2
330 61
331 1
332 6
333 6
334 2
335 2
336 336
337 1
338 5
339 2
340 36
341 2
342 35
343 2
344 16
345 10
346 2
347 1
348 36
349 1
350 37
351 15
352 96
353 1
354 10
355 2
356 6
357 9
358 2
359 1
360 567
361 2
362 2
363 5
364 35
365 2
366 10
367 1
368 40
369 6
370 10
371 2
372 36
373 1
374 9
375 17
376 16
377 2
378 109
379 1
380 36
381 2
382 2
383 1
384 559
385 9
386 2
387 6
388 6
389 1
390 61
391 2
392 64
393 2
394 2
395 2
396 146
397 1
398 2
399 9
400 196
401 1
402 10
403 2
404 6
405 40
406 10
407 2
408 111
409 1
410 10
411 2
412 6
413 2
414 35
415 2
416 96
417 2
418 9
419 1
420 273
421 1
422 2
423 6
424 16
425 6
426 10
427 2
428 6
429 9
430 10
431 1
432 710
433 1
434 10
435 10
436 6
437 2
438 10
439 1
440 111
441 18
442 9
443 1
444 36
445 2
446 2
447 2
448 240
449 1
450 159
451 2
452 6
453 2
454 2
455 9
456 111
457 1
458 2
459 15
460 36
461 1
462 58
463 1
464 40
465 10
466 2
467 1
468 146
469 2
470 10
471 2
472 16
473 2
474 10
475 6
476 35
477 6
478 2
479 1
480 936
481 2
482 2
483 9
484 18
485 2
486 92
487 1
488 16
489 2
490 34
491 1
492 36
493 2
494 9
495 35
496 40
497 2
498 10
499 1
500 68
501 2
502 2
503 1
504 539
505 2
506 9
507 5
508 6
509 1
510 61
511 2
512 252
513 15
514 2
515 2
516 36
517 2
518 10
519 2
520 111
521 1
522 35
523 1
524 6
525 35
526 2
527 2
528 316
529 2
530 10
531 6
532 35
533 2
534 10
535 2
536 16
537 2
538 2
539 5
540 550
541 1
542 2
543 2
544 96
545 2
546 58
547 1
548 6
549 6
550 35
551 2
552 111
553 2
554 2
555 10
556 6
557 1
558 35
559 2
560 336
561 9
562 2
563 1
564 36
565 2
566 2
567 36
568 16
569 1
570 61
571 1
572 32
573 2
574 10
575 6
576 1312
577 1
578 8
579 2
580 36
581 2
582 10
583 2
584 16
585 35
586 2
587 1
588 145
589 2
590 10
591 2
592 40
593 1
594 105
595 9
596 6
597 2
598 9
599 1
600 567
601 1
602 10
603 6
604 6
605 5
606 10
607 1
608 96
609 9
610 10
611 2
612 146
613 1
614 2
615 10
616 108
617 1
618 10
619 1
620 36
621 15
622 2
623 2
624 316
625 6
626 2
627 9
628 6
629 2
630 262
631 1
632 16
633 2
634 2
635 2
636 36
637 5
638 9
639 6
640 559
641 1
642 10
643 1
644 35
645 10
646 9
647 1
648 688
649 2
650 35
651 9
652 6
653 1
654 10
655 2
656 40
657 6
658 10
659 1
660 260
661 1
662 2
663 9
664 16
665 9
666 35
667 2
668 6
669 2
670 10
671 2
672 900
673 1
674 2
675 66
676 18
677 1
678 10
679 2
680 111
681 2
682 9
683 1
684 146
685 2
686 14
687 2
688 40
689 2
690 61
691 1
692 6
693 32
694 2
695 2
696 111
697 2
698 2
699 2
700 154
701 1
702 105
703 2
704 224
705 10
706 2
707 2
708 36
709 1
710 10
711 6
712 16
713 2
714 58
715 9
716 6
717 2
718 2
719 1
720 1782
721 2
722 8
723 2
724 6
725 6
726 31
727 1
728 108
729 24
730 10
731 2
732 36
733 1
734 2
735 31
736 96
737 2
738 35
739 1
740 36
741 9
742 10
743 1
744 111
745 2
746 2
747 6
748 32
749 2
750 117
751 1
752 40
753 2
754 9
755 2
756 520
757 1
758 2
759 9
760 111
761 1
762 10
763 2
764 6
765 35
766 2
767 2
768 1244
769 1
770 58
771 2
772 6
773 1
774 35
775 6
776 16
777 9
778 2
779 2
780 260
781 2
782 9
783 15
784 180
785 2
786 10
787 1
788 6
789 2
790 10
791 2
792 513
793 2
794 2
795 10
796 6
797 1
798 58
799 2
800 516
801 6
802 2
803 2
804 36
805 9
806 9
807 2
808 16
809 1
810 320
811 1
812 35
813 2
814 9
815 2
816 316
817 2
818 2
819 32
820 36
821 1
822 10
823 1
824 16
825 35
826 10
827 1
828 146
829 1
830 10
831 2
832 224
833 5
834 10
835 2
836 32
837 15
838 2
839 1
840 970
841 2
842 2
843 2
844 6
845 5
846 35
847 5
848 40
849 2
850 35
851 2
852 36
853 1
854 10
855 35
856 16
857 1
858 55
859 1
860 36
861 9
862 2
863 1
864 2060
865 2
866 2
867 8
868 35
869 2
870 61
871 2
872 16
873 6
874 9
875 15
876 36
877 1
878 2
879 2
880 316
881 1
882 138
883 1
884 32
885 10
886 2
887 1
888 111
889 2
890 10
891 36
892 6
893 2
894 10
895 2
896 543
897 9
898 2
899 2
900 754
901 2
902 9
903 9
904 16
905 2
906 10
907 1
908 6
909 6
910 58
911 1
912 316
913 2
914 2
915 10
916 6
917 2
918 105
919 1
920 111
921 2
922 2
923 2
924 249
925 6
926 2
927 6
928 96
929 1
930 61
931 5
932 6
933 2
934 2
935 9
936 513
937 1
938 10
939 2
940 36
941 1
942 10
943 2
944 40
945 105
946 9
947 1
948 36
949 2
950 35
951 2
952 108
953 1
954 35
955 2
956 6
957 9
958 2
959 2
960 2400
961 2
962 9
963 6
964 6
965 2
966 58
967 1
968 56
969 9
970 10
971 1
972 468
973 2
974 2
975 35
976 40
977 1
978 10
979 2
980 145
981 6
982 2
983 1
984 111
985 2
986 9
987 9
988 32
989 2
990 254
991 1
992 96
993 2
994 10
995 2
996 36
997 1
998 2
999 15
1000 230
1001 9
1002 10
1003 2
1004 6
1005 10
1006 2
1007 2
1008 1708
1009 1
1010 10
1011 2
1012 32
1013 1
1014 31
1015 9
1016 16
1017 6
1018 2
1019 1
1020 260
1021 1
1022 10
1023 9
1024 504
