rel2,rel3,speedup
31.0035623439637,21.1433970940118,1.4663472575438
23.0236843367442,10.9284704465462,2.10676182448025
20.8464275202564,8.43711760729872,2.47079968426927
280.324183098903,1.67440325644213,167.417366169337
31.3217344925748,16.997410745701,1.84273563551417
238.564872414651,1.63349471368707,146.045696025652
220.196265658982,6.80582459796996,32.3540906012569
24.4004823296537,8.05938108991602,3.0275876096967
41.613223688593,22.845840851164,1.82147919000638
75.6522121597436,38.3947173570711,1.97038075462771
31.659967533097,13.6679428291178,2.31636669313905
428.745816685474,117.821087628618,3.63895653413859
31.1467155085507,11.7470316558796,2.65145412228128
243.187456369924,6.3462483275987,38.3198771646463
297.173923636788,5.33583647241035,55.6939713526389
338.913321074374,91.1426420009795,3.71849349145191
39.9146205525711,17.0613062579703,2.3394820976222
30.844757712075,8.00933754987466,3.85109973452895
254.636204069331,5.17769308272402,49.1794704709235
35.8707950145261,13.4528482806725,2.66640894672551
256.327406474509,9.2896462837598,27.592805866314
136.255087213481,36.4046594898679,3.74279251949612
34.4694643926202,10.3983137298377,3.3149090600826
140.631775111143,37.3827650533443,3.76194149658179
55.796267061807,24.8742425738626,2.24313431438659
365.283997243452,5.1307018977268,71.1957163999908
99.4332853296993,42.8177133412736,2.32224650898982
296.647448889548,6.73751616465583,44.0292003224754
22.1364583157872,7.19578180143054,3.07631038942653
312.918980821529,62.034049688856,5.0443100586055
531.142250661184,122.788477860653,4.32566849850482
357.94137972657,5.04889819775385,70.8949488991104
20.4687655988403,6.01579563844752,3.40250348067385
279.270424648104,54.1054863143249,5.161591618005
318.924524672781,8.48163644377719,37.6017678648286
281.747643338043,54.2643223327939,5.19213419104605
424.1869719843,7.39256837178648,57.3801892185667
40.0534922145836,9.92223498086788,4.03674094514139
427.682735934799,97.7607931881241,4.37478790819338
256.424329809441,48.9762335847427,5.2356890483576
30.1298650675711,9.83801882374295,3.06259477719803
371.29467467343,7.46464578926852,49.7404277651349
45.9285788055788,10.1380076754654,4.5303357696926
108.93295754923,43.7222057457359,2.49147900228831
418.450271063551,6.84958007768998,61.0913758679164
233.262880194168,44.0468043597988,5.29579576962603
30.8789814952158,8.36830377726286,3.68999289666273
519.369414156701,5.59410641161449,92.8422478840204
338.902214071608,9.98240210504665,33.9499662010483
481.308370331345,125.049713257737,3.84893621738526
228.591352563704,50.1711130647591,4.55623442654434
211.712173908992,37.4137320631106,5.65867563149993
26.415368131313,6.39692512049681,4.12938523333246
217.957897546566,38.7325048772451,5.62726057189796
217.582717709118,47.0886452274134,4.6207045596302
399.561169721661,8.02274355230238,49.8035574883849
77.1386234280048,25.301599237488,3.04876473237758
481.857605313242,5.39551211417611,89.30711211772
524.756015432184,6.6090888477682,79.3991467688299
493.973069731807,64.4965841864878,7.65890280799236
129.768483217381,46.2463934891008,2.80602385238893
451.222572680023,99.8304279468651,4.51989019740742
412.985101384841,8.51042365714818,48.5269732768194
446.168666714429,58.1996536549202,7.66617391505232
43.3313245255458,10.5238232000538,4.11745082579154
422.209119515195,55.1787943807507,7.65165539141399
438.762564712467,77.6886538679287,5.64770456002967
56.3774648955331,9.7944617910825,5.75605542173463
546.277651021967,130.339618231458,4.19118652052427
555.351526550351,6.14181768791621,90.4213629855838
483.562604732599,6.27519830788696,77.0593343838769
421.277925273441,54.7106115834114,7.70011361746823
32.5702339374315,7.49344519937004,4.34649658079432
60.8374213913291,13.8272629245088,4.3998166320751
391.400568530886,68.7371305925086,5.69416507725947
376.43862980617,48.597104267363,7.7461123554841
258.660069203734,5.6156838816292,46.0602973130127
147.352980120585,45.658942380548,3.22725346751266
371.070479141964,64.575255372499,5.74632615854886
242.132373957657,55.6264398722664,4.35282887982152
551.401191875935,7.7845570955556,70.8326992926475
502.646686053713,64.8536851941561,7.75047222912485
35.490493816823,6.55787522061015,5.41188915966001
478.318094027619,5.89864068132478,81.0895458579099
460.329737004008,102.458861238314,4.49282503670722
231.280967852096,51.1460083431805,4.52197493693433
349.468105493579,58.8400635419965,5.9392883769432
602.254428424729,128.260463996779,4.69555784890856
48.3820658264393,12.2081371707418,3.9630997874428
361.023447620726,46.5526444197923,7.75516519244679
448.542659597839,8.87771548708946,50.5245589645375
516.505095013952,6.34157191464685,81.4474868322478
39.1023293337295,6.88974300774294,5.67544091119
307.671136213038,38.8597684111634,7.91747220306779
149.505035197283,46.075330596926,3.24479571302864
406.730452669845,51.7136370689051,7.86505215496451
500.501671424073,7.1964546876157,69.5483669598283
425.162572970627,8.26008888378508,51.4719125850135
305.97788291228,50.1146474035824,6.10555793096147
383.150072000661,48.8880148394464,7.83730068113766
49.2275128714945,9.94858775910732,4.94819104615424
326.228891955307,41.6007302348353,7.84190301741704
565.622120091478,6.69114998478339,84.5328712370493
639.112844687001,81.168333235561,7.87391854939552
273.996433022369,6.80229169805695,40.2800181445666
409.337945427271,51.800080694032,7.9022646286038
613.23874996535,131.195368903918,4.67424082944926
500.922741873498,103.062512997025,4.86037771937463
296.500529084055,61.0563233119128,4.85618053955443
451.719074313888,5.90449402102723,76.5042817733773
259.845133913181,42.4912736635492,6.11525876985154
154.671595437838,45.5662127927479,3.3944360515837
46.499174900736,7.77200992661668,5.98290215012349
610.328310244978,7.23088898520026,84.4057088269728
259.930403508287,42.3111221177822,6.14331151002599
573.313354046854,72.5721356937633,7.89991018682564
289.453788865766,57.1845845523218,5.06174506874184
71.0629719495507,9.3338918146885,7.61343428447722
297.680059140862,6.03523526140875,49.3236876852713
307.710885330496,38.5446683960375,7.98322824233014
56.4045482855623,14.5552186478495,3.87521133486346
549.339852550991,69.1365616761042,7.94572132650415
497.35505670896,6.24090340111878,79.6927984207865
695.928907841214,63.5045028887033,10.9587332580319
395.531989644992,4.81100614498461,82.213985541741
617.28480992687,129.310478969256,4.77366424474872
618.695555789857,73.8401929815087,8.37884532540148
49.9844159596429,7.16745433189526,6.97380320056057
188.083940308365,47.0303288477974,3.99920529828857
719.295889668846,65.2745882897077,11.0195392803766
502.525446836379,104.136793894818,4.82562817656885
872.942812789777,78.9107823330417,11.0624022089343
332.551356100159,6.31357018970745,52.6724731186632
491.668951166375,61.4190295096897,8.00515662802533
587.18482651983,69.7214558518479,8.42186697546229
523.972874511054,6.91180732267227,75.8083739968135
67.7299881544339,11.7855365164878,5.74687355638674
312.101861576098,63.3047183275752,4.93015165095756
546.709253613293,64.7808240477973,8.43936861948396
417.177229780238,8.21961300603236,50.7538772779293
662.169036336561,88.94069268714,7.44506273035025
701.786347622189,63.4072655614918,11.0679169241513
65.1752883721421,7.82904165164072,8.32481052881912
700.753969942058,63.1930609406903,11.0890968013046
503.801432706304,106.754162305161,4.71926735058973
181.329392680331,45.6179916730402,3.97495343460056
541.043311835516,6.7733796405604,79.8778956070373
288.826578404247,57.9968071324767,4.98004274174107
386.526618980629,5.1200721854183,75.4924159236342
834.542331338152,74.9788400355254,11.1303713280006
538.769792982785,63.520429375299,8.48183487236147
435.714709146841,54.1319802229049,8.04911823570195
63.7782579786892,9.44778124063422,6.75060697895751
544.872701910037,102.021135670363,5.34078255774918
65.8962179141201,10.438496503251,6.31280739458956
602.396566061772,53.4945470807782,11.2608966508705
578.970676300861,77.511291882606,7.46950105254001
545.964865486633,6.56834209949459,83.1206501148354
481.151118987848,56.1738825920493,8.5653883403806
698.678541154153,61.2400270808084,11.4088542160868
344.667718728519,6.70343193802766,51.4166059885334
517.912065422364,7.51625390368988,68.9056107016436
187.773527222397,46.6720928525767,4.02325063535329
684.342512136198,126.457817886072,5.41162676674314
542.342627134465,74.2115749812465,7.30805979082801
691.446918204287,61.0825018530708,11.3198853555067
323.690545705247,65.8387535287987,4.91641363720018
416.771335598153,7.87146289814131,52.9471257111007
426.574487709098,5.73881034117797,74.3315186160234
396.512956199167,48.6581538550381,8.14895191832502
474.673162247135,55.2052082787555,8.59834021185647
682.272685691075,60.2859089164548,11.3172828933637
65.140155932268,8.45022076585624,7.70869279480504
563.065132198392,50.0589055394726,11.2480511934965
457.635660262831,6.21027567828894,73.6900717407313
372.875240298742,45.5936126612695,8.17823415461635
447.231871511689,85.7367141071047,5.21634023614428
664.294696626511,89.1173620771969,7.45415574634124
299.688065640459,61.577859112325,4.86681528004723
193.714881150811,44.9039662771721,4.31398153016362
478.597326529552,65.9573213439587,7.25616681783862
307.919880322086,6.3085901320171,48.8096189288545
654.515562164685,129.048328581469,5.07186392384372
584.268659113577,51.8524189087388,11.2679151987471
84.3939794660343,14.1689673051948,5.95625479600711
592.160682445265,52.1416729068318,11.3567641664155
505.150491642247,53.2688509039529,9.48303714215771
536.307975198127,6.16478620689093,86.9953891667238
347.849331181805,6.87945754703953,50.5634824843852
674.131604545726,59.6089777987365,11.3092294053735
432.409036710015,5.03267687121908,85.920286117092
672.32728119474,59.6019086890932,11.2802978290823
74.1495001282507,8.40499176873767,8.82207885129042
747.263302135204,75.6245692837878,9.88122390926992
424.436484409191,44.6576810780702,9.50422131563874
351.113850141492,66.947530326227,5.24461243649404
151.827104640608,40.5122543209585,3.74768344012055
588.799652391248,79.3229822436328,7.4228128562137
407.659571435643,42.7477496665414,9.53639839794227
520.313314974387,100.843822193035,5.15959533920088
402.793691683496,5.81729065158884,69.2407713156783
627.466437344979,124.029144933817,5.05902413243115
354.025897583459,6.89517409824912,51.3440114113081
511.040444728673,45.0595618605971,11.3414428287098
422.391924997952,58.1452871916849,7.26442237021672
736.175247364266,75.1404386590854,9.79732432364838
408.079797739854,42.6882024253524,9.55954513318877
542.166398734392,74.1273423556506,7.31398673559843
90.6417415134905,11.7449717126415,7.71749338620628
328.04316595483,62.1165272434896,5.28109314078263
451.260037872095,47.0698921479371,9.58702085940242
670.902993282901,67.8380831068438,9.88976932361488
463.914388694385,5.54635448950323,83.6431190203163
213.42503126647,45.6457095482758,4.67568657336233
632.89136298718,91.4959676997342,6.91715032802498
466.967602378254,41.0894191679232,11.3646678837163
379.99709156789,8.18933796396264,46.4014421239025
75.685162555707,7.49524385478475,10.0977585282154
448.964506679869,46.5794012909795,9.63869208784387
502.185119847148,44.0905307686089,11.3898633355688
569.731831319062,112.471454319951,5.06556827920378
555.812350340781,48.9358046455967,11.3579893978671
457.060724940688,90.656166706744,5.04169480736148
578.855477893771,6.52443242570754,88.7212005772284
357.783442762585,69.6880257673361,5.13407344838693
562.08338002122,49.4548542172989,11.3655856218176
388.464908783067,4.91953315586009,78.9637749102946
492.16793745969,67.035159701543,7.3419372706941
361.390406862752,50.1142330716085,7.21133268359827
662.478082979693,67.040012647546,9.88183111573359
190.842998544489,44.7711243498215,4.26263582422741
546.493120794215,48.0224292774499,11.3799557626885
83.1914014040263,9.15541054786598,9.08658338903406
421.258869670249,36.6920873334053,11.4809186471854
617.866795051413,6.42586811406284,96.1530464186199
89.7270342015239,12.7785993510038,7.02166424792678
343.105586126694,47.4758566125546,7.22694882425697
450.304106696642,8.20005732096406,54.9147510890449
579.070826575427,81.9876416391073,7.06290381084966
677.300422052894,123.677323376185,5.47635090705168
335.336750312789,64.595020569732,5.191371522992
553.810902657188,55.7702367480308,9.93022326871766
78.8365200760403,8.04099643955753,9.80432222158507
523.399742696637,43.514572243887,12.0281486340513
377.449894087009,6.99156277809295,53.9864842907072
576.834639475515,97.0521583821844,5.94355292134752
417.632242312575,43.1059302025623,9.6885101504607
189.178267404063,47.2738410924015,4.00175367671721
110.734191742325,20.9688836107923,5.28088160522443
158.04862300712,18.2146327484694,8.67701398044388
549.7790952933,77.4611462943067,7.09748204867074
771.640801166783,91.2035197775412,8.46064716634762
430.246987615493,5.68475837276371,75.6843051899713
346.359379184053,66.7258427625635,5.19078313355343
975.801001719577,71.3994053121659,13.6667945265548
1315.66173593951,83.0378468836715,15.8441215098295
576.222160143937,5.90215529143509,97.6291086376736
412.358846415636,56.5980015135142,7.28574923828671
660.267723190285,123.70882185127,5.33727274506016
589.265515745625,58.2098683636588,10.1231205689088
836.299919499441,77.8448566090602,10.7431621808923
1319.61240409077,83.4934365050551,15.804983712832
76.9386078845709,8.46206355983584,9.09218033409141
1203.06911393861,75.9597885795692,15.8382367359853
158.813219162244,42.5409229644907,3.73318696669575
531.625846529593,6.32596735144338,84.0386642855962
940.392060345556,71.467644016007,13.1582910461541
675.192450291204,6.14296406181006,109.913136964089
527.43144793996,91.398309878871,5.77069147820083
1319.80680856013,82.6711780290045,15.9645337108548
955.268634472655,71.892301339402,13.287495554814
325.468398428997,63.3027727130591,5.14145565004381
400.933471805248,7.5482107724676,53.1163588154783
1325.77960338102,83.2427383282815,15.9266697613021
489.345546650158,68.3517074502064,7.15922929952616
1293.72834674038,81.2305586752933,15.9266213090059
806.928750634983,77.607753053516,10.3975275521577
695.647937109771,127.695356521486,5.44771521893767
538.657203479221,6.36651585320193,84.6078476673096
727.55331718038,83.139592444711,8.75098488922969
109.277615313159,13.1618302590689,8.30261545409795
223.571813289553,40.4185313122334,5.53141853578151
382.752054496402,71.0705423265311,5.38552319944121
561.479960811569,55.5584343634836,10.1061156104249
753.966911082262,70.474649656163,10.6984130429988
1103.35906346806,69.5140112786083,15.872470070039
391.558967307844,7.42784577153832,52.7150104284882
370.546474356103,50.5880958500717,7.3247760788288
809.916210213678,98.5242040176235,8.22047960995254
661.862949786433,6.08029309373422,108.853790365548
940.101921882978,69.7529772080382,13.4775884773939
558.638305291894,91.1647983315081,6.12778523636375
101.182083440555,8.94212700969071,11.3152143031409
699.758177310983,78.620365021328,8.90046970808586
940.827322153705,69.7006893710145,13.4981064124877
481.038853666049,47.5659738710599,10.1130874555419
652.219475009659,119.289912777021,5.4675157339481
353.135312599842,48.0293392092815,7.35249158979892
169.682263138503,41.2093465297927,4.11756743135516
905.898978825545,59.9460529795139,15.1119036833856
626.613220392914,6.20974192557486,100.908093750596
460.96160034408,45.562166217805,10.1172011475596
384.06120650799,65.2346770132348,5.88737806473805
998.025430316007,65.8651797614039,15.152550010967
516.468589757692,5.69433067242997,90.6987351925765
970.632427693536,64.2821375400282,15.0995667667262
925.845936398627,69.2122160304845,13.3769150808701
421.336899752695,7.02457453283698,59.9804155800638
738.784541906404,68.5126163507761,10.7831897430966
1096.9846367387,71.7794093418145,15.2827203065275
452.321710322474,59.9931217217398,7.53955949184364
409.605786037976,68.6608697458189,5.96563643242983
102.287460999453,10.674709466901,9.58222435154934
472.127167529192,46.6828273457502,10.1135084221109
540.059488113134,97.7255288970729,5.5262887211584
622.636523327125,105.987284629482,5.87463416487915
122.590179913927,12.6561958210767,9.68617913684411
591.747207938315,6.08393748120438,97.2638541678722
779.196514122214,57.5324701688545,13.5435956745003
489.872495455394,48.1889586430916,10.1656584671938
726.483441465791,86.0647587690553,8.44112563442167
613.982257355448,69.9663589213899,8.77539244317805
634.252608881127,5.8744205711112,107.968539399479
901.985690895881,59.6630014513574,15.118007290184
659.708705342733,60.8462260790245,10.8422288094899
752.99016577877,95.4910222645841,7.88545507128831
775.2938758776,57.4460831415089,13.4960267694456
846.09125333199,77.1395976186018,10.968313025371
494.73393126766,7.81731829032949,63.2869115588751
979.880865238625,64.0768000205212,15.2922877691272
589.055704975882,7.28772686965803,80.8284552249587
487.216641835129,47.8119998361131,10.190258585819
198.591406523838,44.5112636595195,4.46159893466349
409.586472040896,62.6591708845998,6.5367362232615
609.139831752487,113.662881318642,5.35917992475334
562.070367675752,8.50226519137423,66.1083082007354
695.329369579615,81.6512815173554,8.51584147435357
523.856265790079,94.7012744878013,5.53167070478612
784.839938486554,56.4056320276743,13.914212291806
933.457314250363,59.6383571229779,15.6519622484824
427.456671139366,72.0852773995592,5.92987481715621
950.074101468039,62.228181366618,15.2675858526327
494.113338108466,7.06192602390629,69.9686369463196
574.903207511164,5.91474290344069,97.1983426662104
638.893719088529,6.88038266124594,92.8572945058894
968.134511027729,62.7420145393862,15.4304020700512
381.673866122807,51.9642933050243,7.34492556037328
881.13644748383,77.6162225271661,11.3524778557141
618.922357178502,58.1510260647968,10.6433609011275
198.607151994154,45.4503059530138,4.3697649076218
781.547601605375,55.564106615445,14.0656918505755
959.608426416626,62.7286731561438,15.2977638157271
109.74304887471,9.28518471443831,11.8191562418851
751.637490270261,102.935646559292,7.30201359193201
783.005691204304,55.4750838501113,14.1145472320495
621.147351103776,6.8623477993499,90.5152827087284
559.608020154014,6.13325067010664,91.2416677964157
796.609802272414,69.729247557988,11.424328100055
374.941868803699,49.0985824816448,7.63651107328544
840.824731314084,54.9181187445168,15.3105159196305
513.812163735259,96.2599503322778,5.33775637699418
674.572209462169,83.9598507270688,8.03446175309463
801.260072138537,97.3383105564402,8.23170309365436
540.62672699841,59.8366121923846,9.03504906427866
390.405340803122,65.794885131574,5.93367311185975
900.6418234615,56.9445552347635,15.8161183233138
216.000750046229,41.0630744058015,5.26021865561318
149.916344129949,8.89898911774579,16.8464465060414
620.918231999434,71.9812796709577,8.62610716060881
476.307825573929,70.0109158741616,6.80333658868355
451.850366440746,7.15780212496362,63.1269708986321
923.209964002848,59.8093449566058,15.4358815444756
611.099378902982,120.090562678799,5.0886544726871
494.253379913041,47.8183936307747,10.3360515145986
816.215954231671,56.7056306940517,14.3939136950167
976.669541180908,63.5312474547884,15.3730578307304
152.641402495647,16.1560274816611,9.44795387782743
675.67591693434,6.71470939529784,100.626233714225
787.938100127915,55.0312002809252,14.3180249768426
682.843173868159,79.81240775184,8.55560173038905
638.418893624038,55.8375115065734,11.4335126404922
851.727837497005,54.5814489835081,15.604712834838
556.42205513466,5.72853684600739,97.1316184380431
523.733161797886,82.8001679059623,6.32526690516739
485.807529115287,7.9835194976977,60.851298635318
1060.21601867565,74.1627232247536,14.2958075509527
831.571970107557,56.3768382232901,14.7502413458161
819.216150348264,70.1751379253456,11.6738801599474
628.65757491269,6.0649184598897,103.654744753835
914.596515194875,58.0091171215156,15.7664270821259
824.264738519433,55.737868177951,14.7882358164086
675.839046197227,120.572777006213,5.60523745888677
156.70936927354,9.91971819988686,15.797764222307
764.497773429644,48.721566606234,15.6911574623265
1022.25299664792,83.2536485481053,12.2787771404066
434.342447179386,65.007012896082,6.68147062646474
545.515295272911,46.2333460349978,11.7991740173849
127.87834857968,8.30238232333056,15.4026089861375
386.998118999461,69.7150064650418,5.55114513535215
848.052117943561,94.0531927124124,9.01672865626858
188.738867582271,42.5261962043961,4.43817892094382
793.507881855528,50.5526687177454,15.6966566154199
694.736328914123,85.0645347448852,8.16716779792764
1087.24836606028,75.9868796625336,14.3083696934112
579.225239637382,48.4729453723631,11.9494541787763
449.896522495776,51.2246357415915,8.78281545554233
481.608974102715,90.6393091945257,5.31346695360519
683.947511404036,58.4680364775852,11.6978019548551
560.362439390747,6.47076683526613,86.5990776142222
1091.42931780311,75.0828155050596,14.5363397797671
647.620097051185,109.896538878635,5.89299812040841
855.774804797403,53.5307318824461,15.9866075934977
492.476568201643,7.66731819570513,64.2306156639626
831.529675540752,52.2616955519248,15.9108820859932
686.189350142989,47.4069543911851,14.4744449196378
608.430142029746,69.4163305316891,8.76494244754111
525.783827437897,61.2366088308765,8.58610294521711
194.488630624881,44.8892086519192,4.33263665067006
987.814650377906,79.4700824475372,12.4300191965954
430.692521759793,48.7818861791395,8.82894359964229
584.783053385078,47.7054985635232,12.258189747381
564.437273863266,6.6730755264118,84.5842777635654
658.774352361513,79.6138132611402,8.27462377917606
832.205734282893,52.2014353943096,15.9422002095676
149.789830487304,13.3685153420455,11.2046720712657
731.316001578312,45.6243880630243,16.0290588570326
390.388355988516,64.6347198356788,6.03991719900701
391.03670022181,72.021532632032,5.42944152854495
599.785054162366,49.5307870113796,12.1093382591431
562.314650063609,78.358359209901,7.17619224972946
892.027263732429,71.275373556032,12.5152239718698
801.909006806316,50.2377551387824,15.9622778643479
623.218920572504,6.31429004280493,98.6997613900641
472.803385486657,7.44995293178745,63.4639426336911
284.931102399285,41.2651205715363,6.90488961265325
783.428649920795,48.9830053696758,15.9938869411593
898.468106781393,98.4794889285075,9.12340342701868
766.860466046303,59.6689491716717,12.8519184046629
663.550758009001,45.4128141986823,14.611531342364
1065.54188317982,72.4616430773098,14.7049092171838
492.35403534789,9.13873815618296,53.8754942896334
809.662746988605,49.0593585086104,16.5037369342386
147.451863291934,9.04178160260736,16.3078328776946
756.091147986454,82.0508780840077,9.21490623430418
595.314067501916,50.7673366427541,11.7263206398062
1058.42510903773,72.0002936962663,14.7002887724695
689.063268549226,48.3791422500689,14.2429823370472
600.91663917742,6.56098015467946,91.5894614844751
674.309731096883,122.703168171923,5.49545493521478
750.736157491946,48.4125456449858,15.5070580877356
661.960722893855,48.287719364983,13.7086764833605
189.440774013471,42.4041053006123,4.4675102250238
551.772203810844,98.9060974810269,5.57874810414687
811.473144674888,53.4224307023717,15.1897458428237
633.814173185857,6.42709099782335,98.6160260373643
810.681501264912,50.5886703071587,16.0249616434412
391.236056774239,73.5306370495092,5.3207217082971
380.206821299068,66.6711952287236,5.70271494300832
652.613015692748,46.9561146515852,13.8983606402519
785.84208906336,49.0524253711958,16.0204532827202
542.084077773696,5.82618705323874,93.0426834600779
1038.32601978614,80.5356493964548,12.8927503232108
608.355664929834,72.112431863044,8.43621063959157
944.885671612098,68.5799131861061,13.7778779195586
460.496214669603,52.6945104701918,8.73897889098137
684.112195487549,74.8173881698008,9.14375938832469
864.527279588159,71.4628213805983,12.0975811322064
771.698207770463,118.258424045733,6.52552419836095
266.473262695194,43.5243418403183,6.1223961449625
508.686673582495,60.9925635808997,8.34014253078213
655.437300677378,48.1739196744184,13.6056460654878
785.891318553757,49.3860125708016,15.913236919605
148.789986940107,10.0929218526121,14.7420131764519
971.222766756003,99.9003617302838,9.72191441486629
554.715783997261,39.3578003692069,14.0941764731157
694.26212830919,101.929976395534,6.81116736076875
646.186870301022,8.03686871721027,80.4028152055374
724.487746474418,60.3878074345335,11.9972520489312
168.409212113894,13.1270404319701,12.8291836219034
687.822122514261,47.5709651200887,14.4588641575363
424.012366373052,50.2196389805953,8.44315839341037
797.536079428995,56.8267552975848,14.0345172842006
490.169254027678,7.87370771253394,62.2539306669196
688.379490586977,42.6957780437089,16.1228936941321
819.768972919284,86.873858351875,9.4363136215141
450.75665922744,62.8180101132078,7.17559595433072
783.673478318083,109.632253553535,7.14820185590189
627.791370972855,6.19138606602416,101.397548832873
430.758887795221,67.6838867499938,6.36427528735648
1002.35062404769,79.3030804865309,12.6394916552823
763.618257042825,61.6856227732873,12.379193444303
728.733682452732,45.9237476785488,15.8683408756975
177.537235352487,9.44130848190336,18.8043040530644
837.000531352696,64.154969239939,13.0465424778293
664.732949242104,49.0868390659143,13.5419791107244
740.496411688008,48.22067133726,15.3564102521283
488.327379387896,8.35004318356584,58.4820184342278
583.733087791724,50.3344312980823,11.5970931375947
600.164605506714,87.8704233293505,6.83010941300708
603.505737174284,7.46139003507929,80.8838211562372
542.214598197208,46.4614830871159,11.6701956582089
773.371742646601,49.7436774840716,15.5471364756706
253.479245875098,43.5780967096335,5.81666628453423
909.571298558846,71.5378573531888,12.7145448887043
191.836498116332,22.5651872729286,8.50143611910007
732.721224371974,113.793831880242,6.43902408649969
203.959819983088,20.4895361468669,9.95434052392036
575.122412159116,46.1306062796217,12.4672632454254
759.434785432332,80.5701144943405,9.4257627682244
634.635289856642,70.9995174605753,8.93858595882773
867.797608652772,96.9890334618263,8.94737866414894
824.111659460536,58.0640827899487,14.1931400594378
565.18307163623,6.34262695477383,89.1086730571219
1498.25459791786,93.8805800580519,15.9591536076087
520.869833196188,75.0132414844064,6.94370517643162
1551.39940316362,95.7644660369917,16.2001571915448
1072.27513227212,75.6981942869734,14.1651348803262
496.446050570955,7.66823526748175,64.7405867522357
1240.86848905617,81.4928381299503,15.22671829244
410.132072917508,57.5129104665659,7.13113055121651
626.510905262879,6.53029308002931,95.9391711191111
653.465571117176,77.2189074983664,8.46250733514975
576.432722269123,60.158581840955,9.58188681696443
448.798779660079,50.9876196699892,8.80211279845717
795.055841530106,118.467561660658,6.71116911992741
896.232103806864,83.7927750347928,10.6958159988701
777.302708365584,60.4860427736473,12.8509433370345
587.686567138934,47.0503200453457,12.4905965904704
1104.59737008177,84.4251040239214,13.0837549192571
804.759193188106,56.5678650878167,14.2264374294272
1261.51856059997,81.6645920745591,15.4475584650961
726.098874970669,7.02983889760617,103.288124457294
170.061347621322,9.29978274282745,18.2865936037574
1385.49522203287,83.0859707164115,16.6754412337774
1260.903377379,81.0717989774694,15.5529221416366
807.992663068268,56.8568884866946,14.2109898127357
234.526631063782,43.810091969211,5.35325584864336
637.435073965456,50.2947352583065,12.6739920329967
573.25506277815,6.2451177435054,91.792514780735
1400.76348486921,83.3852900939191,16.7986881534081
1098.34495754179,77.1284021549183,14.2404733775722
428.21642409432,48.4320691929036,8.84158846050425
681.193482488049,6.47126357142032,105.264369928691
535.035858791042,61.772294714982,8.66142113158824
650.750667048643,94.0361335946807,6.92021930477854
939.947384473715,70.7209785931449,13.2909272916202
1256.47507964087,80.597370150133,15.5895295007811
916.245660731232,99.0844578160283,9.24711787223421
1098.05693562896,78.6683294345548,13.9580558468888
1386.65889150992,83.1122571422379,16.6841683668487
524.108548674871,65.1621805653577,8.04314011789691
799.13154953098,80.5612121795083,9.91955716543015
540.523334755136,8.36460128406366,64.6203347175612
266.762661882614,41.5527383014719,6.41985757827095
1286.22687536678,80.0974208709277,16.0582807958257
1445.42082564087,84.1368107470823,17.1794106860771
726.396844237268,72.801627819168,9.97775552548859
631.584554468889,49.0874666776297,12.8665135362693
1267.22683419539,79.2828905474395,15.9836104037748
475.20381990524,7.2340220985345,65.6901255529078
1010.87332174474,81.0421444376963,12.4734276068161
1457.87210841751,85.7598283108834,16.9994755951779
796.256209167334,117.563981861585,6.77296053228967
1503.79701598318,91.2178741756999,16.4857713422112
606.443552778871,7.27475599514331,83.3627345279674
857.184394886198,59.02359696664,14.5227407162372
823.574399805857,85.3422292450688,9.6502564684698
677.600101062989,93.9648737357186,7.21120642346391
190.063066625296,14.1891008168977,13.3950043119682
1366.23434339652,82.0708595131974,16.6470090785003
268.390001282356,37.6440227774429,7.12968438227546
837.415055509825,57.7213258131206,14.5078971023821
471.591710735791,72.6440214218826,6.49181724118777
814.489698512036,61.5018355309987,13.2433396740087
753.861098194257,57.7034892701785,13.0643936394303
568.744369625575,59.7052652997102,9.52586621582828
918.716211917827,73.6198469987108,12.4791920843562
566.157202838182,5.93292002811226,95.4264005170354
1197.6385242667,81.2309632824858,14.7436208543021
1395.09553251849,90.2192350193165,15.4633935016162
518.813606204685,8.55386143462766,60.6525614390278
559.276920152753,62.2757875672411,8.98064788901922
489.068368362511,56.4398049188461,8.66530933382451
823.379947292871,60.0577346074983,13.7098069494961
929.258609434265,99.8499358875031,9.3065518888387
1388.42007465563,82.9137672686988,16.7453502644039
748.249202000277,6.18772124829936,120.924840013749
259.623375175152,42.4755125078284,6.11230706462463
1064.27412315248,73.553557769447,14.4693765390443
825.71323631448,57.6024929672895,14.3346788268934
671.715852046562,96.3496006886579,6.97165164406991
1373.58178467059,81.9204734464161,16.7672588656246
190.421089625676,9.88988134161305,19.2541328908016
1204.97073943955,71.5421375775616,16.842811526748
790.150694961337,78.8178840746388,10.0250178527132
1083.42056362943,83.6802035881233,12.9471549682415
1039.35736325981,73.5210808794604,14.1368618473369
699.591073980053,7.86896106012619,88.9051386370483
635.103150356197,51.2836793789716,12.3841182623222
1228.3312046364,73.5398233579508,16.7029392858013
787.869923321634,127.98485805045,6.15596200459174
485.792080496192,70.3045493686689,6.90982425545116
469.539917738897,49.8113686892583,9.42636048947099
718.89456610235,69.8120145708156,10.2975765779273
246.301311426979,42.7658143977589,5.75930366100748
1129.94223342683,66.8936594794297,16.8916193585477
1022.32627451459,62.8733474353923,16.2600897870932
809.708663900494,86.7206608437897,9.3369752492895
697.438607682519,6.74048514522901,103.470090454271
1197.24461561026,70.5556171877704,16.9688065008917
687.922357513737,49.5667836108156,13.878696727936
1163.18878738785,67.6548314620544,17.1929892108333
483.72726147557,68.2013947559444,7.09263004380725
691.039050680961,90.8165122702391,7.60917847874033
1060.45527363896,62.2272775529768,17.0416466112654
829.186845320996,59.7960271311761,13.8669220197855
623.082918985416,6.37117422940118,97.7971872296418
185.411126618826,8.91144111877534,20.8059643942647
1067.68237278954,62.7146831453231,17.024440198725
831.675785680329,112.682603513566,7.38069373397292
1021.10184670803,72.2659634634344,14.1297755924155
948.257944091708,84.5903180385032,11.210005661169
520.458170342153,8.37263112734814,62.1618416512036
1350.03416524413,79.6682835367982,16.9456916267132
947.673534642313,72.1473052147697,13.1352589236875
691.70739238333,48.3475083817778,14.3069915190094
1244.82851268428,76.7816357127285,16.2125813175131
588.117229793036,45.8022913658073,12.8403451498953
628.303008148543,61.1350930521817,10.2772888169526
645.333590863415,6.7692682832159,95.3328430583097
535.273235513216,69.4213539817291,7.7104983526264
1059.02619837487,80.4780128441959,13.159199152011
186.796588030041,12.413616081296,15.0477175068669
1201.03553075966,76.1250936922421,15.777130411362
645.032398916213,49.4890852217642,13.0338315211481
1221.92995714235,73.1104301184965,16.7134833588294
646.63197032523,98.4562076970376,6.56771152830707
781.860362175706,80.738041457209,9.68391538937801
750.451534889,100.087534810785,7.49795203076715
1221.86908164988,72.5579274649693,16.8399115622451
214.863474871702,13.1311871077394,16.3628370465503
539.598795341489,50.7441197441833,10.6337206766375
614.168829833405,6.26550613776013,98.0238174426185
458.988628167404,64.7318509106236,7.09061492465491
821.63896723908,59.4250012825059,13.8264863189992
1144.02233995556,68.72051579904,16.6474643947819
673.971344075337,50.2463060302811,13.4133510962809
1124.27020602021,75.5312736560387,14.8848305026606
843.02688487024,87.1871432947804,9.66916512013657
999.578910478347,73.2802522853343,13.6404949397042
713.000242574187,70.2465873873862,10.1499627112451
1200.67169165136,71.0101614236458,16.9084489822262
696.580426121324,6.50349915142131,107.108559546608
1191.60035759226,70.8264267665393,16.8242337216877
1021.86302922336,62.496108912326,16.3508264275606
286.589693627204,42.2867400231959,6.77729457201001
822.662777572089,62.7112493377901,13.1182648449701
771.799655220865,119.21900638368,6.4737970784373
939.315204610539,97.3406027684449,9.649777974408
568.141191887983,61.1109070922075,9.29688690483256
842.787494589472,61.1337067088151,13.7859707837403
635.985171234099,44.4452157574178,14.3094180193726
1116.34581408648,81.7904540199775,13.6488521486115
510.454282219038,48.4583090978803,10.5338855548587
518.090150540254,8.60938204691003,60.1773910969836
1162.49495229153,68.8656583754022,16.8806191607797
1018.37232837763,62.4415602715829,16.3092069440342
184.206884561851,9.2376268690662,19.9409314938558
763.245320149297,8.0267518351911,95.0876937297421
1149.83369661697,68.0985629876674,16.8848452327137
658.714126920765,51.2279254784001,12.8584970164077
749.831736234241,56.3792616546344,13.2997792845803
246.728031639254,43.9563120682323,5.61302848283232
685.366494014556,48.1061058560666,14.2469751358626
475.116569315815,63.4724268280181,7.48540103253289
1184.62454049305,71.3951694742693,16.5925026751283
769.438729510337,118.611996861639,6.48702281277573
1139.44056987355,78.2927761952311,14.55358495696
559.3982097035,8.67168254959612,64.5086125448116
668.919915625723,47.7976798036393,13.9948197982361
795.073583813363,81.3549355590867,9.77289918982131
615.794581609889,61.188438031663,10.0639042508527
661.073178425251,94.4058029251923,7.00246338616588
1164.93615155336,68.9953018857477,16.8842822585577
831.058130277,59.8790608946116,13.8789439557123
736.425280665839,6.45262047955474,114.128094624381
1023.31218976872,62.7233868586514,16.314683262796
1158.03252705707,75.2421438436155,15.3907433773278
514.28870148554,72.6380631298102,7.08015438911778
856.225019097665,75.8489980173457,11.2885475283649
1016.98754809235,63.3836231555183,16.0449576319905
665.588439830414,50.1846979353361,13.2627766473365
526.391986344262,8.18896773719224,64.2806276978625
1165.37448932601,69.1954920400985,16.8417689500738
678.216658066484,5.9534827905057,113.919311087632
912.726735088656,84.5864382469383,10.7904618518642
792.667262489475,7.14661383679676,110.915082386033
721.328206250743,71.8890459649233,10.0339098477214
1006.81905594603,61.3935914151165,16.3994161725833
632.417690190266,47.3436575591716,13.3580234987094
483.788170621505,52.4715563853961,9.22000801859486
1180.0578098656,69.9190697306579,16.8774815570548
1094.1049679917,81.2909824143276,13.459118533163
983.484023434481,71.1299779788995,13.8265756770827
839.796815738163,59.6634792260851,14.0755588951809
498.163250755859,54.2093024789969,9.18962665031283
249.375683499672,42.8030920045317,5.82611376470815
648.673776919271,7.39622382802273,87.7033729646719
810.439719305663,58.4031444393286,13.8766452917202
664.880282833152,46.8516894395951,14.1911698550458
1040.49619508955,61.6255522124732,16.884168299249
1142.49809814831,66.9715190953219,17.0594621949992
183.427577741298,9.8851986172903,18.5557807023182
647.524237020807,48.0777269658202,13.468278928435
767.783152354092,98.6167703646603,7.78552318753718
558.192381813456,39.5889793212036,14.0996911611331
818.244915678415,59.4074895986261,13.7734302729624
513.802585053426,71.7370609943206,7.16230324928009
748.129377662551,7.53120916354137,99.3372194845218
930.797796519286,54.6521556210864,17.03130985304
684.647624065403,6.64426433783528,103.043405447722
219.996001887404,12.9669019934028,16.9659647307686
1011.95963548093,74.4533618991633,13.5918595167198
794.028616515608,69.9240196232087,11.3555916950183
467.282532768426,49.7264603143139,9.39706003232082
1069.25759805572,63.1904956903516,16.9211775659323
931.874988870851,58.0435981476657,16.0547419286467
544.254437821785,8.33319542007282,65.3116134191209
641.717463267959,98.9423880229356,6.48576890138536
1165.98758881702,81.5571137613269,14.2965773927364
817.687504453665,83.8314597069511,9.75394568234942
1072.7956761926,62.9961920574628,17.0295321217835
953.010948098821,100.013647284092,9.5288090573456
849.048333348047,115.121513391523,7.37523602960702
638.561325896524,59.512470950528,10.7298741876699
1101.80914542846,64.3498899688104,17.1221605190388
470.074441260341,66.4803664170669,7.07087620894434
1160.7361991702,74.0351566646166,15.6781757676073
963.431883446816,57.8117962143235,16.6649705861953
866.168298826463,62.0492772235082,13.9593616168393
283.192328350644,41.9546305852878,6.74996596084797
671.166116811921,47.4470090904559,14.1455937830005
243.898551471721,9.57031287995734,25.4849088562722
1039.24436450975,60.5705285178617,17.1575911576087
698.067699980212,71.6922080710728,9.73700934539742
619.866164920823,42.1574987032138,14.7035802404844
579.504392641967,67.2994176895732,8.61083814001188
1154.57758197929,72.4600708084859,15.9339836284576
520.387945916268,8.02724635522299,64.8277034101082
1101.42467261315,64.5415786759302,17.0653506655534
1068.15167862711,62.4580946256031,17.1018934379924
736.558970969195,90.625270250313,8.12752302900471
841.498250114011,120.213504361482,7.00003094147915
1088.83706609367,63.1557588438938,17.2405032577475
614.669904182212,43.5437995080733,14.1161293025945
703.795711843656,48.2382208448075,14.5900014452837
898.560993838497,60.8684178808444,14.7623517272539
250.019721989229,42.7889211230133,5.8430947877945
1076.33731223984,62.1988164588513,17.3047876715131
578.379875701866,50.806103605049,11.3840628322536
261.407844067136,17.0475161812426,15.3340722066458
1058.46047755996,61.5379004633803,17.2001395821073
828.635444204477,6.62741964292048,125.031383079784
258.596043228279,20.391622658073,12.6814843313071
830.785979683635,59.4671886175136,13.9704936284639
1081.6329280676,63.7246998881981,16.9735272188848
737.43211989366,76.9066810037613,9.58866135255004
504.162201253966,65.928677371904,7.64708502204564
750.254809125945,53.629549479705,13.9895788125139
988.268425641431,95.6088036908753,10.3365839492849
953.815990154617,57.6048421325237,16.5579134469339
868.741963483235,71.9830718360616,12.0686981164371
715.504137445214,5.88048483695352,121.674344426316
1148.47685489369,79.3051033506894,14.4817521996674
657.222686080398,80.6444860207,8.14962954704306
494.965452359725,70.4198767812463,7.02877475769087
557.261352455066,8.67534859644307,64.2350386569533
1102.54097434532,72.6617043231293,15.1736184089804
1166.32732004847,77.457596953738,15.0576233438415
1074.62700041157,61.8202585768605,17.3830880871438
854.61724157712,59.2685135332212,14.4194141312164
1351.62926970938,78.8829015443229,17.1346292193616
1047.1671153504,72.7007903467445,14.4037927284691
694.924970297679,49.9805842032134,13.9038985113143
828.658324291027,6.54878453558459,126.536202220166
583.586339299211,48.837209781703,11.949624925498
956.992678411413,57.3228920586925,16.6947731358626
630.877350374125,61.508339625229,10.2567774421821
840.838421331531,58.9485967373145,14.2639259943448
1063.22014224949,61.6054892576995,17.2585293138729
796.297391599454,113.722727017276,7.00209546925907
715.927689486895,62.7876734360521,11.4023605320565
261.285513892916,10.2279566377918,25.5462086070524
840.624134476516,59.7026155341914,14.0801894013353
873.391146435482,51.2820427740642,17.0311301810543
1031.80263140242,71.873214572487,14.3558714820221
1154.10913902807,84.6616418924636,13.6320193328404
694.861207698147,93.8231014863426,7.4060779988103
564.497626576878,62.5589730694249,9.02344777863324
1383.46235940519,79.8237807207021,17.3314562015776
673.43442131044,49.9568423658024,13.4803240040535
948.197174728681,55.4210047776065,17.1089856370091
208.623502843133,9.42517999766412,22.1346969389271
1057.66977184788,57.7013963461834,18.3300550562472
593.651575758216,72.0019313622938,8.24493960823253
1396.12970397736,81.0329169812247,17.2291675529938
977.665387314612,94.236257687239,10.374620250301
944.894761745995,62.4125754739313,15.1394931962175
252.951492564745,43.6877033725035,5.78999290505048
784.156766770674,69.6144817064223,11.2642764486506
869.600167578196,52.337882303881,16.6151194755871
710.005098724058,6.37643505889638,111.348283510464
867.109088620376,86.9595847496019,9.9714032802387
996.9140740984,56.6607993148479,17.5944230606214
1126.36882497793,74.0360617575447,15.2137863392382
1003.32995882055,58.0920699145605,17.2713755990483
651.138598600569,50.5763018326244,12.8743813803434
844.515428048511,6.81704894266282,123.882846544246
576.106357758339,51.5439471193834,11.1769934193047
992.109951666725,56.0834774215358,17.6898793954913
644.278867143651,95.6581598070878,6.73522121315064
995.569189170372,56.5440859269078,17.6069552252963
888.341440629926,62.7021171648371,14.1676466568836
1359.79569761804,79.9695690320788,17.0039142898542
717.403415146655,6.74802007858124,106.313171388412
282.673947745812,43.3047170068405,6.52755559402827
1172.80276287497,77.6088384333847,15.1117164816433
917.107055683623,60.1444149546947,15.2484159397752
816.923640135252,115.570414868327,7.06862254553642
464.807691998318,64.5819738145042,7.19717383264506
871.791737168063,52.7481014191027,16.5274524336215
1022.18824326786,57.4629575852742,17.7886465685471
517.664181967137,7.84160601803337,66.0150715015092
614.596857512926,59.4185800524888,10.3435130386826
866.811056971428,52.103232017142,16.6364162723389
1385.64909866304,80.2630072273835,17.2638572429454
721.138910002951,49.6764411325895,14.516718459726
766.459058456285,7.9201304652722,96.773539503802
704.343411540687,70.31242095699,10.0173397808551
853.05006857076,7.5708365767801,112.675800080942
627.915550526086,61.5629413568015,10.1995703370777
1361.37466659606,78.7703521294047,17.282830783333
264.582605698173,43.3762290224228,6.09971432881822
938.370400044133,82.6336534406288,11.3557898141142
1126.48315768714,81.1192758514413,13.8867506626926
979.827315102371,55.227127045617,17.7417759626179
505.472876614513,48.6171088556024,10.3970163696039
791.750397920969,118.739836310455,6.66794247425838
676.154932193,49.4776550198178,13.6658645589039
980.277431315768,55.2132655266126,17.7543824290428
734.001552531788,7.31432028962465,100.351300389862
976.72574024949,55.3406022216021,17.6493514894969
846.300973131295,82.0689173084518,10.3120767385113
838.113161688194,84.6487445586878,9.90107019374778
854.539016707292,51.5469683862906,16.5778714725455
961.92479533997,54.1016574892609,17.7799505593874
265.61340634876,14.0364161778449,18.9231640743173
894.324214970059,59.0129548026464,15.1547099778497
814.037656409623,48.7749022058312,16.6896830048857
354.813887078032,37.2303720744981,9.53022672908153
537.911300179912,66.8330427169206,8.04858313062746
1027.66604448814,69.6492515403915,14.7548756341218
563.239265660982,72.0976166374446,7.81217593493179
1155.46921480469,80.3054065706974,14.3884361482867
679.536842775566,51.2274673910366,13.2650876059992
796.368567195073,56.06359679384,14.204735563498
677.264357933236,79.1411804780015,8.55767318408262
547.431218112839,7.42565928183948,73.7215642861047
1031.71986009956,73.5590367781098,14.025739124504
930.584545334349,52.1410045020415,17.8474610188592
843.986776560976,48.3968403371198,17.4388817675283
1293.52419141863,74.4264309602821,17.3799035467511
782.904081094442,7.17621923971997,109.097012638788
934.64249263278,52.1322456718868,17.9282990898818
623.226757624836,7.96708629603804,78.2251797542046
970.418087129436,52.8482402625969,18.3623538325503
303.442999442797,40.0263935113363,7.58107270785853
577.747766711815,52.0150641858955,11.1073162314481
846.511407749841,47.2273808778857,17.9241658549441
926.231749745451,51.7643765906155,17.8932271718572
993.086757584895,98.3343468603706,10.0990832734672
658.641755700138,46.2528045804751,14.2400393159764
872.453537277444,60.9129550684073,14.3229553762028
797.358096929358,6.02279193921707,132.390111592168
666.490000569727,45.6473048186752,14.6008620490788
721.157101755568,62.6941919092202,11.502773698715
1122.95075245574,73.0788407740893,15.3662912624347
872.8020371521,57.146937070571,15.2729451811962
540.599731505117,9.32173850477438,57.9934452385931
706.755078699019,87.5836971871925,8.06948212277991
830.819157805731,46.0386176000118,18.046136072633
566.615005602821,53.3184790931194,10.6269911527904
271.187799297243,9.40516272167397,28.8339295472578
640.227831174316,52.0894631889877,12.2909277995721
868.025803785126,79.2030590991386,10.9594984544551
819.601359106328,79.0193612549607,10.3721587480546
643.576442058412,47.7078812039502,13.4899397293947
909.228848969586,57.9923914643411,15.6784161854864
1100.01551637581,68.7828585085853,15.9925821669436
807.99126506455,44.8761511942584,18.0049144938242
711.79127060755,48.7370167440546,14.6047361566172
669.293105264384,46.9639768028139,14.2512016832502
750.572267105405,6.75824435303759,111.060244036315
805.286978853394,44.9236051433011,17.9256979996289
796.653528995929,117.657336544635,6.7709634808341
906.049765633183,61.2038123758745,14.8038125479636
860.082070314086,48.7079325305222,17.6579465731814
528.897388614536,48.6037488583184,10.88182292597
725.916567325999,48.9962859475011,14.8157468119892
1171.23104351,72.407903233399,16.1754586337718
271.115300648325,42.4969209311526,6.37964574157141
818.176466723655,45.1780603639039,18.1100396992111
706.895049202311,96.524864281297,7.32345033029258
1129.85449184923,63.9671382305525,17.66304579356
830.569449354848,47.519961170012,17.4783276102294
1161.48155942179,79.9866503158027,14.5209426177498
799.323463012984,6.90137479443283,115.820903344907
1026.06950758535,97.5591906233855,10.5174048803495
867.636345570733,48.9396801888697,17.728688504345
677.359690770258,47.7387610079239,14.1888829217379
574.472527508353,74.577841724733,7.70299212504342
813.483449106188,45.6055738448501,17.8373689995362
531.893023362667,66.3458970068103,8.01696935845285
817.296013892808,113.71271909021,7.18737552344021
713.33088051632,48.6485667886468,14.6629372169457
1128.85728471138,63.1626101015632,17.8722393342552
865.10116525594,48.7652927321721,17.7400999109599
322.616153216964,42.1966225097395,7.64554445423921
720.972783584823,6.3669539185474,113.236689444944
778.06898147789,43.1555333145594,18.0294141149078
1225.72719274588,81.8174032837245,14.9812526864893
1168.23272198486,63.0740797395287,18.5215975692266
765.901421943323,73.1537339032923,10.4697515912972
873.780025960545,47.9831673991481,18.2101364566454
1112.44187725866,69.3257667645434,16.0465859834907
882.998832097523,73.7073332607817,11.9797962161161
575.434546744269,53.5303055059797,10.7496966681796
561.337326365201,7.73217598042469,72.5975880251977
860.873094722788,77.998232494422,11.0370846516856
916.186682340258,50.284116297159,18.2202005286513
1053.07552206902,73.0791080555573,14.4100762870345
1059.71160884098,70.4403743270742,15.044093944198
885.428522146107,120.956741193437,7.32020814557256
1346.16794720647,75.6208264521117,17.8015503184028
276.925778486357,43.6241594432985,6.34799115949267
906.203977861731,49.9900889756839,18.1276728333596
612.51743960058,56.8148480360228,10.7809395039167
910.89966686315,57.7015056003705,15.7864107250834
697.293608862074,44.1098210401989,15.8081260004797
574.775710556546,69.1378969375409,8.31346824268891
856.841283734152,49.4613361998274,17.3234560480221
1216.39447043105,76.5578086193727,15.8885748216577
265.643639706113,10.4580923495948,25.4007739486452
574.173781708331,53.6685579165926,10.6985133194871
1030.97988591845,93.2652240932573,11.0542798341165
655.361295957022,46.169724910925,14.1946112354234
591.623032423643,40.6332728528505,14.5600634870381
921.532980372998,60.0312093682118,15.3508981423415
679.377025302583,93.9909920884108,7.22810782402999
758.56647143844,42.2713988153294,17.9451471372495
836.087844217789,7.85908406826307,106.384896376681
861.816646050012,98.7807620877275,8.72453935195023
837.305406645717,57.6194249958519,14.5316515516424
773.056494583846,42.737458434722,18.0884994779142
269.738705701556,12.9807674723294,20.7798734763986
1200.69158015954,76.2948355310129,15.7375210497894
780.18977261685,45.262109330312,17.2371501054715
733.226488871681,6.34303911199887,115.595454469872
555.196730673397,50.9950281247519,10.8872717809899
857.108003346016,47.6567365163975,17.9850335125467
952.428525591511,62.3578627278814,15.2735915556911
895.483515207574,58.7400426765796,15.2448563944373
691.721941873944,8.6454761363177,80.0096988259763
726.616137700927,49.6097878988998,14.6466285883283
764.194888551527,43.3168828279521,17.6419640255923
915.523888569179,47.2805325943979,19.3636543061627
892.514888148552,83.6565876639131,10.6687938520059
1005.63589199243,58.8465912502789,17.0891103567136
568.845855194287,61.505211695239,9.24874233443733
745.562092716827,70.1827698666766,10.6231500143574
1041.59114555383,107.216987598629,9.71479584422818
881.607367727917,65.1500228366785,13.5319579232992
794.837361604731,6.21372148853755,127.916476956839
865.27837268516,45.6799651877453,18.9421854664042
557.587178042882,67.0585547696638,8.31492983942334
1162.79627857404,61.3911671517486,18.9407749114755
1185.59999212125,78.620515928558,15.0800332218451
942.413740908592,55.5241193604162,16.9730515632536
934.298073132544,62.1577037431685,15.0310905466039
870.93256880831,45.8056264381727,19.0136591622401
812.641234560375,44.0927529634965,18.4302675596859
1002.54718922372,90.5087014182687,11.0768044786173
291.449573656779,9.40146218628018,31.0004516193343
776.653452684421,7.01681873769525,110.684554029042
951.175605458871,57.9690500654482,16.4083352131004
593.159494315019,44.69377577632,13.2716353454588
728.070226435854,47.3049932140099,15.390980464621
1206.14720083557,76.6329068676918,15.7392855123974
878.910059385352,45.3478977152565,19.3814951445844
682.884348313215,52.4234496213667,13.0263146215179
559.048888273261,7.92329280311353,70.5576459390188
772.817533157271,40.0715773659901,19.2859274317757
730.999061202589,46.8033904091955,15.6185065827832
1131.82282383852,59.0879640748468,19.1548793660386
709.310865376529,84.6610011363411,8.37824802277296
806.677018536328,42.4259980868468,19.0137428678766
812.985332707849,7.71235725583688,105.413339364247
613.07278843776,67.7072707540518,9.05475559138635
668.043216728699,45.6798726894806,14.624454434667
741.805247009802,48.3131230196996,15.3541150032328
846.833273326224,45.6095313277354,18.5670242309914
909.122842257941,48.030791127037,18.9279172989967
295.142025029424,43.3260137664673,6.81212046463072
930.461123973853,48.2419027186448,19.2874051714018
1030.02961536967,68.6798592033116,14.9975498977145
559.605990143784,62.131373927552,9.0068182106565
319.068029697597,22.6341223959371,14.0967705359263
